0 771687
0.01 768500
0.02 765307
0.03 762104
0.04 758884
0.05 755643
0.06 752376
0.07 749076
0.08 745738
0.09 742357
0.1 738928
0.11 735445
0.12 731903
0.13 728297
0.14 724620
0.15 720869
0.16 717036
0.17 713118
0.18 709108
0.19 705002
0.2 700793
0.21 696477
0.22 692048
0.23 687502
0.24 682832
0.25 678034
0.26 673103
0.27 668034
0.28 662820
0.29 657458
0.3 651942
0.31 646267
0.32 640428
0.33 634419
0.34 628235
0.35 621871
0.36 615323
0.37 608585
0.38 601651
0.39 594516
0.4 587177
0.41 579625
0.42 571855
0.43 563856
0.44 555621
0.45 547140
0.46 538406
0.47 529409
0.48 520141
0.49 510594
0.5 500758
0.51 490625
0.52 480187
0.53 469434
0.54 458359
0.55 446953
0.56 435206
0.57 423111
0.58 410659
0.59 397841
0.6 384649
0.61 371084
0.62 357190
0.63 343021
0.64 328630
0.65 314073
0.66 299402
0.67 284671
0.68 269936
0.69 255248
0.7 240663
0.71 226235
0.72 212017
0.73 198063
0.74 184428
0.75 171164
0.76 158327
0.77 145969
0.78 134146
0.79 122911
0.8 112317
0.81 102405
0.82 93153.3
0.83 84528.1
0.84 76494.3
0.85 69017.1
0.86 62061.8
0.87 55593.6
0.88 49577.7
0.89 43979.2
0.9 38763.4
0.91 33895.5
0.92 29340.8
0.93 25064.4
0.94 21031.5
0.95 17207.3
0.96 13557.1
0.97 10046.1
0.98 6639.39
0.99 3302.3
1 -7.40684e-06
