1.10729 1.107 0.00339537 -0.00993008
1.10628 1.10663 0.0291187 0.0255309
1.10471 1.10294 -0.0362435 -0.0482711
1.0617 1.06007 -0.169429 -0.172473
1.1044 1.10431 0.0465383 0.0471091
1.1044 1.10568 0.0465383 0.0364012
1.10595 1.10529 -0.0253666 -0.0308256
1.10628 1.10568 0.0291187 0.0364012
1.09826 1.09995 -0.0718148 -0.0646222
1.10286 1.10068 -0.0487149 -0.0610266
1.08289 1.08383 0.127465 0.125011
1.1072 1.10727 0.0141467 0.0061007
1.09404 1.09384 0.0946756 0.0954421
1.10234 1.10077 0.0598669 0.0676233
1.10729 1.10731 0.00339537 0.00471214
1.09404 1.09793 0.0946756 0.0803663
1.10731 1.10727 0.00471214 0.0061007
1.1072 1.10677 0.0141467 0.0228853
1.10641 1.10595 -0.0181568 -0.0253666
1.10234 1.10431 0.0598669 0.0471091
1.10641 1.107 -0.0181568 -0.00993008
1.09384 1.09362 0.0954421 0.0961575
1.09915 1.09793 0.0749176 0.0803663
1.09915 1.10077 0.0749176 0.0676233
1.04294 1.04948 -0.20108 -0.190656
1.07621 1.06831 0.143685 0.160451
1.09023 1.09362 0.107084 0.0961575
1.05231 1.05161 0.189812 0.19105
1.10471 1.10529 -0.0362435 -0.0308256
1.10286 1.10294 -0.0487149 -0.0482711
1.09826 1.09696 -0.0718148 -0.0777206
1.09696 1.09591 -0.0777206 -0.0816212
1.0617 1.0661 -0.169429 -0.161062
1.05134 1.06007 -0.18772 -0.172473
1.06816 1.06831 0.160776 0.160451
1.09995 1.10068 -0.0646222 -0.0610266
1.09248 1.09591 -0.0942121 -0.0816212
1.0661 1.06961 -0.161062 -0.15356
1.05134 1.05101 -0.18772 -0.188278
1.07386 1.06961 -0.144592 -0.15356
1.08289 1.07715 0.127465 0.141469
1.08672 1.09003 0.117398 0.107658
1.08672 1.08383 0.117398 0.125011
1.0914 1.08877 -0.0976889 -0.105814
1.07949 1.08311 -0.131527 -0.121973
1.07621 1.07715 0.143685 0.141469
1.09023 1.09003 0.107084 0.107658
1.09248 1.0914 -0.0942121 -0.0976889
1.08318 1.08683 -0.121782 -0.111881
1.08683 1.08734 -0.111881 -0.11036
1.07949 1.07771 -0.131527 -0.13571
1.08318 1.08311 -0.121782 -0.121973
1.02918 1.03598 0.224635 0.215268
1.10663 1.10677 0.0255309 0.0228853
1.02175 1.02179 -0.230262 -0.230212
1.06793 1.06816 0.1612 0.160776
1.01765 1.02266 0.239456 0.233313
1.04349 1.04587 0.203817 0.200297
1.04349 1.03827 0.203817 0.211815
1.06288 1.05925 0.171051 0.177814
1.06793 1.06288 0.1612 0.171051
1.05587 1.05925 0.183846 0.177814
1.03827 1.03598 0.211815 0.215268
1.05161 1.04944 0.19105 0.194541
1.04587 1.04944 0.200297 0.194541
1.05231 1.05587 0.189812 0.183846
1.03273 1.03693 -0.215992 -0.209911
1.05101 1.04948 -0.188278 -0.190656
1.04167 1.03693 -0.203053 -0.209911
1.02171 1.02175 -0.23032 -0.230262
1.04167 1.04294 -0.203053 -0.20108
1.03273 1.02191 -0.215992 -0.230053
1.02179 1.02191 -0.230212 -0.230053
1.02171 1.01471 -0.23032 -0.23875
1.01085 1.01471 -0.243465 -0.23875
1.07386 1.07771 -0.144592 -0.13571
1.08734 1.08877 -0.11036 -0.105814
1.01765 1.01571 0.239456 0.241941
1.02266 1.02639 0.233313 0.228492
0.979978 0.970309 -0.274643 -0.282909
1.01085 1.0071 -0.243465 -0.247485
1.0036 1.0071 -0.251392 -0.247485
1.0036 0.997901 -0.251392 -0.257429
1.02918 1.02639 0.224635 0.228492
0.979978 0.98347 -0.274643 -0.271513
1.00096 1.00726 0.258742 0.251962
0.994792 0.985956 -0.260605 -0.269053
0.994792 0.997901 -0.260605 -0.257429
1.00978 1.01571 0.248938 0.241941
1.00096 0.994723 0.258742 0.265625
1.00978 1.00726 0.248938 0.251962
0.98347 0.985956 -0.271513 -0.269053
0.948345 0.947575 -0.299708 -0.300255
0.948345 0.958483 -0.299708 -0.292313
0.647832 0.647971 0.00898167 0.0153864
0.648539 0.648468 0.0378365 0.0357074
0.649498 0.64954 0.0578276 0.0587224
0.650342 0.649586 0.0736195 0.0592881
0.648539 0.648905 0.0378365 0.0479075
0.649498 0.648905 0.0578276 0.0479075
0.648139 0.648468 0.0248582 0.0357074
0.648186 0.647848 -0.0377909 -0.024241
0.647824 0.647832 0.00521836 0.00898167
0.647814 0.647745 -0.0197141 -0.00796545
0.647737 0.647745 -0.00479099 -0.00796545
0.648186 0.648201 -0.0377909 -0.0387198
0.648139 0.648114 0.0248582 0.0235812
0.648114 0.647971 0.0235812 0.0153864
0.647824 0.647737 0.00521836 -0.00479099
0.649016 0.649003 -0.0627738 -0.0625738
0.647814 0.647848 -0.0197141 -0.024241
0.649003 0.648973 -0.0625738 -0.0617044
0.648503 0.648201 -0.0490153 -0.0387198
0.649811 0.649831 -0.0802374 -0.0824189
0.988737 0.994723 0.271519 0.265625
0.94708 0.945272 -0.300554 -0.301678
0.650342 0.650933 0.0736195 0.0805343
0.64954 0.649586 0.0587224 0.0592881
0.65147 0.650933 0.087565 0.0805343
0.649088 0.649016 -0.0640207 -0.0627738
0.649088 0.649798 -0.0640207 -0.0784948
0.652829 0.65267 0.103444 0.10135
0.826677 0.827429 -0.351388 -0.351218
0.852183 0.848608 -0.34564 -0.346477
0.839552 0.827429 -0.349078 -0.351218
0.852183 0.861416 -0.34564 -0.342986
0.839552 0.848608 -0.349078 -0.346477
0.988737 0.985805 0.271519 0.274558
0.961915 0.958483 -0.289666 -0.292313
0.65267 0.652216 0.10135 0.0957221
0.649831 0.650667 -0.0824189 -0.0965529
0.651643 0.650667 -0.115449 -0.0965529
0.663987 0.66486 0.200991 0.206567
0.663987 0.663179 0.200991 0.194414
0.66486 0.667291 0.206567 0.223234
0.667755 0.667291 0.226642 0.223234
0.663179 0.662605 0.194414 0.188153
0.667849 0.66961 0.228027 0.239266
0.656481 0.657264 0.139705 0.146495
0.654136 0.655525 0.117932 0.130484
0.65147 0.652216 0.087565 0.0957221
0.671412 0.67165 0.252796 0.253933
0.671195 0.671412 0.251416 0.252796
0.667849 0.667789 0.228027 0.227271
0.671195 0.66961 0.251416 0.239266
0.667789 0.667755 0.227271 0.226642
0.67442 0.675787 0.275261 0.281399
0.67442 0.673414 0.275261 0.265881
0.673414 0.67165 0.265881 0.253933
0.676035 0.677999 0.285807 0.296805
0.678017 0.677999 0.299459 0.296805
0.676035 0.675787 0.285807 0.281399
0.679868 0.68195 0.31407 0.329617
0.826677 0.813648 -0.351388 -0.353446
0.807972 0.813648 -0.354098 -0.353446
0.804063 0.799945 -0.354411 -0.354357
0.807972 0.804063 -0.354098 -0.354411
0.896867 0.909687 0.33878 0.331882
0.859513 0.853995 0.355567 0.357924
0.878037 0.874617 0.347872 0.349391
0.846999 0.841173 0.360153 0.362462
0.896867 0.896688 0.33878 0.338887
0.979041 0.985805 0.280891 0.274558
0.859513 0.865464 0.355567 0.353476
0.654136 0.653852 0.117932 0.113873
0.652829 0.653852 0.103444 0.113873
0.652714 0.653307 -0.125391 -0.134952
0.654699 0.654801 -0.148417 -0.150882
0.649798 0.649811 -0.0784948 -0.0802374
0.657264 0.657966 0.146495 0.152054
0.679894 0.679882 0.313261 0.312774
0.678017 0.679882 0.299459 0.312774
0.947575 0.94708 -0.300255 -0.300554
0.773269 0.77519 -0.354785 -0.354806
0.773269 0.761233 -0.354785 -0.353038
0.791502 0.778986 -0.355076 -0.35473
0.791502 0.799945 -0.355076 -0.354357
0.77519 0.778986 -0.354806 -0.35473
0.71603 0.727115 -0.335861 -0.342591
0.705334 0.711654 -0.326626 -0.33207
0.744967 0.75379 -0.349801 -0.352228
0.730891 0.741709 -0.344569 -0.348681
0.730891 0.727115 -0.344569 -0.342591
0.744967 0.741709 -0.349801 -0.348681
0.75379 0.761233 -0.352228 -0.353038
0.656366 0.656823 -0.166205 -0.171647
0.881069 0.878037 0.346344 0.347872
0.979041 0.977388 0.280891 0.28249
0.922454 0.929828 0.324121 0.319422
0.651901 0.651643 -0.117848 -0.115449
0.652714 0.651901 -0.125391 -0.117848
0.654801 0.655031 -0.150882 -0.153816
0.648538 0.648973 -0.0511725 -0.0617044
0.648503 0.648538 -0.0490153 -0.0511725
0.655668 0.655525 0.132482 0.130484
0.659363 0.66092 0.165389 0.176398
0.656481 0.655668 0.139705 0.132482
0.66092 0.662605 0.176398 0.188153
0.68217 0.683266 0.334561 0.339376
0.679868 0.679894 0.31407 0.313261
0.865911 0.873693 -0.341587 -0.338829
0.916282 0.910828 -0.319561 -0.322299
0.916282 0.91963 -0.319561 -0.317542
0.93426 0.945272 -0.308989 -0.301678
0.90578 0.910828 -0.325128 -0.322299
0.899822 0.895394 -0.328027 -0.329917
0.928724 0.91963 -0.312618 -0.317542
0.928724 0.93426 -0.312618 -0.308989
0.961915 0.970309 -0.289666 -0.282909
0.71603 0.711654 -0.335861 -0.33207
0.687184 0.686412 -0.299157 -0.297859
0.701369 0.705334 -0.32155 -0.326626
0.701369 0.69469 -0.32155 -0.313032
0.692044 0.692991 -0.308277 -0.310575
0.687184 0.692044 -0.299157 -0.308277
0.654699 0.653307 -0.148417 -0.134952
0.660043 0.66102 -0.195429 -0.203802
0.963755 0.977388 0.294187 0.28249
0.683651 0.684392 0.354625 0.356662
0.732526 0.731245 0.383591 0.383827
0.686406 0.685648 0.367454 0.359818
0.846999 0.853995 0.360153 0.357924
0.920001 0.909687 0.325475 0.331882
0.896688 0.896486 0.338887 0.338985
0.920001 0.922454 0.325475 0.324121
0.936205 0.929828 0.315274 0.319422
0.881069 0.886506 0.346344 0.343864
0.938745 0.936205 0.313347 0.315274
0.942895 0.951029 0.310267 0.304429
0.886506 0.896486 0.343864 0.338985
0.865464 0.874617 0.353476 0.349391
0.963755 0.961259 0.294187 0.296434
0.961259 0.956605 0.296434 0.300135
0.942895 0.938745 0.310267 0.313347
0.951029 0.956605 0.304429 0.300135
0.68217 0.68195 0.334561 0.329617
0.68324 0.683266 0.346229 0.339376
0.715751 0.709477 0.383559 0.385644
0.683651 0.68324 0.354625 0.346229
0.686406 0.688734 0.367454 0.379506
0.688517 0.688734 0.379736 0.379506
0.684392 0.685648 0.356662 0.359818
0.884145 0.884423 -0.334687 -0.334557
0.883939 0.884145 -0.334778 -0.334687
0.865911 0.861416 -0.341587 -0.342986
0.692991 0.69469 -0.310575 -0.313032
0.686412 0.686067 -0.297859 -0.297087
0.681913 0.686067 -0.287934 -0.297087
0.675413 0.671343 -0.267467 -0.255254
0.680867 0.677615 -0.284206 -0.276092
0.658195 0.65886 -0.180834 -0.187467
0.663195 0.66102 -0.214618 -0.203802
0.670236 0.667916 -0.249338 -0.241226
0.660043 0.65886 -0.195429 -0.187467
0.656366 0.655031 -0.166205 -0.153816
0.830555 0.824099 0.365632 0.367637
0.800898 0.791557 0.373335 0.375485
0.800898 0.802329 0.373335 0.373159
0.814798 0.802329 0.369889 0.373159
0.830555 0.841173 0.365632 0.362462
0.762205 0.753201 0.379946 0.381499
0.81817 0.824099 0.36928 0.367637
0.814798 0.81817 0.369889 0.36928
0.732919 0.744739 0.38347 0.382297
0.709477 0.700143 0.385644 0.386861
0.681421 0.688517 0.394524 0.379736
0.681421 0.689153 0.394524 0.380233
0.689153 0.700143 0.380233 0.386861
0.899822 0.90578 -0.328027 -0.325128
0.895394 0.884423 -0.329917 -0.334557
0.883939 0.873693 -0.334778 -0.338829
0.658195 0.656823 -0.180834 -0.171647
0.666648 0.667916 -0.23405 -0.241226
0.665853 0.663681 -0.22831 -0.218807
0.663195 0.663681 -0.214618 -0.218807
0.665853 0.666648 -0.22831 -0.23405
0.675413 0.676902 -0.267467 -0.272867
0.670236 0.671343 -0.249338 -0.255254
0.75245 0.753201 0.381508 0.381499
0.791557 0.780221 0.375485 0.377691
0.779193 0.77961 0.377757 0.377743
0.779193 0.766391 0.377757 0.379937
0.77961 0.780221 0.377743 0.377691
0.732919 0.732526 0.38347 0.383591
0.715751 0.721316 0.383559 0.384749
0.721316 0.731245 0.384749 0.383827
0.75245 0.744739 0.381508 0.382297
0.680867 0.681913 -0.284206 -0.287934
0.676902 0.677615 -0.272867 -0.276092
0.762205 0.766391 0.379946 0.379937
0.659052 0.657966 0.162066 0.152054
0.659363 0.659052 0.165389 0.162066
