0.4225 -0.72
0.4225 -0.576
0.4225 -0.432
0.4225 -0.288
0.4225 -0.144
0.4225 5.55112e-17
0.4225 0.144
0.4225 0.288
0.4225 0.432
0.4225 0.576
0.4225 0.72
0.4092 -1.0065
0.4092 -0.9595
0.4092 -0.9125
0.4092 -0.8655
0.4457 -1.0065
0.4457 -0.9595
0.4457 -0.9125
0.4457 -0.8655
0.4822 -1.0065
0.4822 -0.9595
0.4822 -0.9125
0.4822 -0.8655
0.4092 0.8655
0.4092 0.9125
0.4092 0.9595
0.4092 1.0065
0.4457 0.8655
0.4457 0.9125
0.4457 0.9595
0.4457 1.0065
0.4822 0.8655
0.4822 0.9125
0.4822 0.9595
0.4822 1.0065
0.605 -1.15
0.605 -1.11
0.605 -1.07
0.638 -1.15
0.638 -1.11
0.638 -1.07
0.605 1.07
0.605 1.11
0.605 1.15
0.638 1.07
0.638 1.11
0.638 1.15
1.16 -1.1925
1.16 -1.1475
1.193 -1.1925
1.193 -1.1475
1.16 1.1475
1.16 1.1925
1.193 1.1475
1.193 1.1925
0.49225 -0.7675
0.49225 -0.7225
0.49225 -0.6775
0.49225 -0.6325
0.51775 -0.7675
0.51775 -0.7225
0.51775 -0.6775
0.51775 -0.6325
0.49225 -0.5675
0.49225 -0.5225
0.49225 -0.4775
0.49225 -0.4325
0.51775 -0.5675
0.51775 -0.5225
0.51775 -0.4775
0.51775 -0.4325
0.49225 -0.3675
0.49225 -0.3225
0.49225 -0.2775
0.49225 -0.2325
0.51775 -0.3675
0.51775 -0.3225
0.51775 -0.2775
0.51775 -0.2325
0.49225 -0.1675
0.49225 -0.1225
0.49225 -0.0775
0.49225 -0.0325
0.51775 -0.1675
0.51775 -0.1225
0.51775 -0.0775
0.51775 -0.0325
0.49225 0.0325
0.49225 0.0775
0.49225 0.1225
0.49225 0.1675
0.51775 0.0325
0.51775 0.0775
0.51775 0.1225
0.51775 0.1675
0.49225 0.2325
0.49225 0.2775
0.49225 0.3225
0.49225 0.3675
0.51775 0.2325
0.51775 0.2775
0.51775 0.3225
0.51775 0.3675
0.49225 0.4325
0.49225 0.4775
0.49225 0.5225
0.49225 0.5675
0.51775 0.4325
0.51775 0.4775
0.51775 0.5225
0.51775 0.5675
0.49225 0.6325
0.49225 0.6775
0.49225 0.7225
0.49225 0.7675
0.51775 0.6325
0.51775 0.6775
0.51775 0.7225
0.51775 0.7675
1.2696 -0.7887
1.2696 -0.7513
1.3095 -0.7887
1.3095 -0.7513
1.3494 -0.7887
1.3494 -0.7513
1.2696 -0.6287
1.2696 -0.5913
1.3095 -0.6287
1.3095 -0.5913
1.3494 -0.6287
1.3494 -0.5913
1.2696 -0.3287
1.2696 -0.2913
1.3095 -0.3287
1.3095 -0.2913
1.3494 -0.3287
1.3494 -0.2913
1.2696 -0.1687
1.2696 -0.1313
1.3095 -0.1687
1.3095 -0.1313
1.3494 -0.1687
1.3494 -0.1313
1.2696 0.1313
1.2696 0.1687
1.3095 0.1313
1.3095 0.1687
1.3494 0.1313
1.3494 0.1687
1.2696 0.2913
1.2696 0.3287
1.3095 0.2913
1.3095 0.3287
1.3494 0.2913
1.3494 0.3287
1.2696 0.5913
1.2696 0.6287
1.3095 0.5913
1.3095 0.6287
1.3494 0.5913
1.3494 0.6287
1.2696 0.7513
1.2696 0.7887
1.3095 0.7513
1.3095 0.7887
1.3494 0.7513
1.3494 0.7887
1.09857 -0.651385
1.114 -0.633
1.12943 -0.614615
1.12943 0.614615
1.114 0.633
1.09857 0.651385
1.554 -0.83
1.554 -0.78
1.554 -0.73
1.717 -0.83
1.717 -0.78
1.717 -0.73
1.754 -0.83
1.754 -0.78
1.754 -0.73
