0 1.34094e+06
0.01 1.32785e+06
0.02 1.31475e+06
0.03 1.30164e+06
0.04 1.28852e+06
0.05 1.27536e+06
0.06 1.26218e+06
0.07 1.24897e+06
0.08 1.23571e+06
0.09 1.2224e+06
0.1 1.20904e+06
0.11 1.19563e+06
0.12 1.18214e+06
0.13 1.16859e+06
0.14 1.15496e+06
0.15 1.14124e+06
0.16 1.12744e+06
0.17 1.11354e+06
0.18 1.09954e+06
0.19 1.08543e+06
0.2 1.07121e+06
0.21 1.05688e+06
0.22 1.04242e+06
0.23 1.02785e+06
0.24 1.01316e+06
0.25 998344
0.26 983413
0.27 968361
0.28 953190
0.29 937899
0.3 922488
0.31 906957
0.32 891305
0.33 875533
0.34 859639
0.35 843625
0.36 827490
0.37 811233
0.38 794855
0.39 778355
0.4 761734
0.41 744989
0.42 728115
0.43 711104
0.44 693950
0.45 676644
0.46 659179
0.47 641549
0.48 623746
0.49 605762
0.5 587590
0.51 569223
0.52 550653
0.53 531874
0.54 512878
0.55 493657
0.56 474205
0.57 454513
0.58 434576
0.59 414384
0.6 393932
0.61 373225
0.62 352329
0.63 331321
0.64 310279
0.65 289282
0.66 268408
0.67 247736
0.68 227343
0.69 207308
0.7 187710
0.71 168626
0.72 150134
0.73 132314
0.74 115243
0.75 98999.7
0.76 83662.3
0.77 69309
0.78 56018.2
0.79 43868.1
0.8 32937.1
0.81 23279.4
0.82 14854.2
0.83 7596.59
0.84 1441.65
0.85 -3675.45
0.86 -7819.59
0.87 -11055.6
0.88 -13448.4
0.89 -15062.8
0.9 -15963.8
0.91 -16216
0.92 -15884.5
0.93 -15034.1
0.94 -13729.6
0.95 -12035.9
0.96 -10017.9
0.97 -7740.46
0.98 -5268.42
0.99 -2666.64
1 -1.20024e-05
