0 5e+19
0.01 4.95e+19
0.02 4.9e+19
0.03 4.85e+19
0.04 4.8e+19
0.05 4.75e+19
0.06 4.7e+19
0.07 4.65e+19
0.08 4.6e+19
0.09 4.55e+19
0.1 4.5e+19
0.11 4.45e+19
0.12 4.4e+19
0.13 4.35e+19
0.14 4.3e+19
0.15 4.25e+19
0.16 4.2e+19
0.17 4.15e+19
0.18 4.1e+19
0.19 4.05e+19
0.2 4e+19
0.21 3.95e+19
0.22 3.9e+19
0.23 3.85e+19
0.24 3.8e+19
0.25 3.75e+19
0.26 3.7e+19
0.27 3.65e+19
0.28 3.6e+19
0.29 3.55e+19
0.3 3.5e+19
0.31 3.45e+19
0.32 3.4e+19
0.33 3.35e+19
0.34 3.3e+19
0.35 3.25e+19
0.36 3.2e+19
0.37 3.15e+19
0.38 3.1e+19
0.39 3.05e+19
0.4 3e+19
0.41 2.95e+19
0.42 2.9e+19
0.43 2.85e+19
0.44 2.8e+19
0.45 2.75e+19
0.46 2.7e+19
0.47 2.65e+19
0.48 2.6e+19
0.49 2.55e+19
0.5 2.5e+19
0.51 2.45e+19
0.52 2.4e+19
0.53 2.35e+19
0.54 2.3e+19
0.55 2.25e+19
0.56 2.2e+19
0.57 2.15e+19
0.58 2.1e+19
0.59 2.05e+19
0.6 2e+19
0.61 1.95e+19
0.62 1.9e+19
0.63 1.85e+19
0.64 1.8e+19
0.65 1.75e+19
0.66 1.7e+19
0.67 1.65e+19
0.68 1.6e+19
0.69 1.55e+19
0.7 1.5e+19
0.71 1.45e+19
0.72 1.4e+19
0.73 1.35e+19
0.74 1.3e+19
0.75 1.25e+19
0.76 1.2e+19
0.77 1.15e+19
0.78 1.1e+19
0.79 1.05e+19
0.8 1e+19
0.81 9.5e+18
0.82 9e+18
0.83 8.5e+18
0.84 8e+18
0.85 7.5e+18
0.86 7e+18
0.87 6.5e+18
0.88 6e+18
0.89 5.5e+18
0.9 5e+18
0.91 4.5e+18
0.92 4e+18
0.93 3.5e+18
0.94 3e+18
0.95 2.5e+18
0.96 2e+18
0.97 1.5e+18
0.98 1e+18
0.99 5e+17
1 0
