-0.0887918
-0.0874867
-0.0862795
-0.0851687
-0.08415
-0.0832185
-0.082369
-0.0815946
-0.0808885
-0.0796676
-0.0785018
-0.0773929
-0.0763418
-0.0753488
-0.0744133
-0.073534
-0.0727088
-0.0719354
-0.0712109
-0.0705326
-0.0698981
-0.0693058
-0.0687545
-0.0682438
-0.0677731
-0.0669665
-0.0661348
-0.0652765
-0.0642274
-0.0631096
-0.0619242
-0.0606948
-0.0594818
-0.0583898
-0.0575396
-0.0570235
-0.056892
-0.0571573
-0.0577965
-0.0587455
-0.0598927
-0.0611001
-0.062253
-0.0632862
-0.0641755
-0.0649227
-0.0655452
-0.0660661
-0.0665003
-0.066842
-0.0670702
-0.0671773
-0.067185
-0.067137
-0.0670806
-0.0670482
-0.0670475
-0.0670584
-0.067041
-0.0669621
-0.0668077
-0.0665758
-0.0662681
-0.0658939
-0.065477
-0.0650493
-0.0646284
-0.064209
-0.063773
-0.0633034
-0.0627924
-0.0622456
-0.0616871
-0.0611655
-0.060745
-0.060481
-0.0604072
-0.0605359
-0.0608591
-0.0613486
-0.0619574
-0.0626309
-0.0633293
-0.0640348
-0.0647427
-0.0654547
-0.0661739
-0.0668797
-0.0675658
-0.0681055
-0.0686761
-0.0692829
-0.0699301
-0.070621
-0.0713591
-0.0721477
-0.0729899
-0.0738884
-0.0748452
-0.0758617
-0.0769384
-0.0780749
-0.0792699
-0.0805214
-0.0818267
-0.0825251
-0.0832683
-0.084063
-0.0849156
-0.085833
-0.0868211
-0.0878849
-0.0890261
-0.088699
-0.0882672
-0.0877468
-0.0871669
-0.0865591
-0.0859483
-0.0853477
-0.0847582
-0.0841677
-0.0835516
-0.0828738
-0.0820935
-0.081178
-0.0801166
-0.0789268
-0.0776458
-0.0763162
-0.0749755
-0.0736556
-0.0723888
-0.0712123
-0.0701648
-0.069283
-0.0686053
-0.0681791
-0.0680584
-0.0682829
-0.0688541
-0.0697302
-0.070843
-0.0721227
-0.0735133
-0.074975
-0.0764752
-0.0779758
-0.0794248
-0.0807598
-0.0819244
-0.0828903
-0.0836686
-0.0843024
-0.0848465
-0.08535
-0.0858468
-0.0863542
-0.0868731
-0.0873891
-0.0878742
-0.088291
-0.0886035
-0.086352
-0.0864574
-0.0781783
-0.0779499
-0.0679306
-0.0676509
-0.0651447
-0.0648441
-0.0654012
-0.0656064
-0.0680114
-0.0682046
-0.0786746
-0.0789145
-0.0863779
-0.0862435
-0.085013
-0.0856507
-0.0855331
-0.0848908
-0.0858906
-0.086566
-0.0864436
-0.0857618
-0.0868218
-0.0875369
-0.0874061
-0.0866861
-0.0864788
-0.0872306
-0.0873147
-0.0865734
-0.0854195
-0.0861262
-0.0862002
-0.085504
-0.0844195
-0.0850814
-0.0851495
-0.0844976
-0.0816641
-0.0720458
-0.0638064
-0.0725295
-0.0822034
-0.0656673
-0.0694989
-0.061637
-0.0623283
-0.0757353
-0.0643157
-0.0636493
-0.0614296
-0.0631357
-0.0630899
-0.0751807
-0.0701774
-0.078028
-0.0775811
-0.0584889
-0.0640974
-0.06361
-0.0638372
-0.0613543
-0.0700787
-0.0590043
-0.0832934
-0.0698199
-0.0827329
-0.0611488
-0.0739188
-0.0848853
-0.0670502
-0.0738539
-0.0812278
-0.0666888
-0.0805818
-0.0845392
-0.0765164
-0.0841689
-0.0686819
-0.077155
-0.0674059
-0.065199
-0.0683366
-0.0679538
-0.064755
-0.0792335
-0.0839036
-0.0784724
-0.0664296
-0.0680009
-0.0827385
-0.0854929
-0.0865559
-0.0831522
-0.0851506
-0.0875632
-0.0688947
-0.0828505
-0.082251
-0.0872537
-0.0578742
-0.0741315
-0.0860994
-0.0849072
-0.0804286
-0.0797166
-0.0684171
-0.0718138
-0.0817293
-0.0856428
-0.0660949
-0.0791994
-0.0760369
-0.0841134
-0.0836538
-0.0852505
-0.0854127
-0.0757759
-0.0719275
-0.0658549
-0.0680613
-0.0797851
-0.0665323
-0.0823612
-0.0779021
-0.0843807
-0.0837241
-0.0692195
-0.0707931
-0.0852676
-0.0860051
-0.0665172
-0.0658041
-0.0799167
-0.0749842
-0.077054
-0.0837083
-0.0831966
-0.0858352
-0.0849795
-0.0766961
-0.0748224
-0.0709861
-0.0656785
-0.0661993
-0.0689031
-0.0805391
-0.0653884
-0.0675671
-0.0814068
-0.0876309
-0.0875287
-0.0673574
-0.0667292
-0.0794321
-0.0772201
-0.0814248
-0.0613576
-0.057676
-0.0642386
-0.0622448
-0.071154
-0.078011
-0.0772884
-0.0729141
-0.074331
-0.0628088
-0.0706706
-0.0775747
-0.0808861
-0.0777381
-0.0770025
-0.0761734
-0.0776645
-0.0784496
-0.0768285
-0.0833335
-0.0827758
-0.063257
-0.0639305
-0.0624296
-0.0612218
-0.0619787
-0.0677706
-0.0679592
-0.0638508
-0.0647849
-0.0643101
-0.0741867
-0.0802352
-0.0802798
-0.0789153
-0.0772687
-0.0789645
-0.0749169
-0.0750379
-0.0728244
-0.077263
-0.062561
-0.0666953
-0.0727645
-0.0703379
-0.0801098
-0.0823274
-0.082121
-0.0811058
-0.0765439
-0.0774205
-0.0772011
-0.0781155
-0.0843965
-0.0833866
-0.0840457
-0.0838465
-0.0828845
-0.0644413
-0.0631782
-0.0637706
-0.0627897
-0.0644788
-0.0639801
-0.071734
-0.0699619
-0.0679348
-0.0653249
-0.0758691
-0.0740289
-0.0819042
-0.0815411
-0.0814258
-0.0803162
-0.0786718
-0.0765171
-0.0711265
-0.0697383
-0.0639598
-0.0672683
-0.0744531
-0.0789098
-0.0788371
-0.0657197
-0.0687661
-0.066767
-0.0687492
-0.0815272
-0.0831878
-0.0790559
-0.0822901
-0.0767304
-0.0769003
-0.0789015
-0.0773893
-0.0796419
-0.0775751
-0.0819655
-0.084806
-0.0603772
-0.059429
-0.053638
-0.0577584
-0.0647646
-0.073705
-0.0716038
-0.0652107
-0.0673728
-0.0718028
-0.0818442
-0.0796286
-0.0807759
-0.0799982
-0.0811784
-0.0768183
-0.0785926
-0.0764776
-0.07949
-0.080686
-0.0818247
-0.0634043
-0.0638704
-0.0646483
-0.0700511
-0.0728606
-0.0663809
-0.0677304
-0.0648402
-0.079763
-0.0802615
-0.0774362
-0.0791064
-0.0799471
-0.0781027
-0.0823074
-0.0828652
-0.0829934
-0.0849003
-0.0841743
-0.077691
-0.0602389
-0.0732862
-0.0659723
-0.067514
-0.0662507
-0.0626378
-0.0648405
-0.0657989
-0.0725371
-0.0739232
-0.07285
-0.0700598
-0.0717642
-0.0723181
-0.0696638
-0.083147
-0.0841001
-0.0820551
-0.0797544
-0.0809454
-0.080503
-0.08157
-0.0779711
-0.0828071
-0.0792663
-0.0782336
-0.0788548
-0.0775633
-0.0786398
-0.0792988
-0.0794816
-0.0741807
-0.0784839
-0.0761728
-0.0778274
-0.0805368
-0.0760464
-0.0805813
-0.0770324
-0.0757589
-0.0768034
-0.0764699
-0.0792074
-0.0790475
-0.0800162
-0.077541
-0.0758767
-0.0741006
-0.0755645
-0.0789484
-0.0774476
-0.0733092
-0.0797935
-0.0777882
-0.0553315
-0.067315
-0.0646259
-0.0722259
-0.0621466
-0.0665013
-0.0769516
-0.0776229
-0.0613903
-0.0564512
-0.0622039
-0.0652233
-0.0673708
-0.069622
-0.07211
-0.0697149
-0.0696579
-0.0785036
-0.0768521
-0.0774136
-0.075304
-0.07435
-0.0773727
-0.0596597
-0.0585982
-0.0657205
-0.065693
-0.0620195
-0.0640926
-0.064952
-0.0779246
-0.078626
-0.0595496
-0.0578768
-0.0640693
-0.0591918
-0.0672
-0.0693918
-0.0653011
-0.0710948
-0.0612211
-0.0736812
-0.075452
-0.0690322
-0.075873
-0.0768532
-0.0754087
-0.0749819
-0.0781046
-0.0790398
-0.0787078
-0.0619897
-0.0603264
-0.0612855
-0.0569808
-0.049772
-0.0530447
-0.0540954
-0.0785259
-0.07927
-0.0577864
-0.0613874
-0.0543533
-0.0642602
-0.0654403
-0.0757488
-0.0720432
-0.0767874
-0.0773911
-0.0751651
-0.0754483
-0.0718015
-0.0738165
-0.0761455
-0.0573914
-0.0579586
-0.0579256
-0.055532
-0.0582765
-0.0500176
-0.0597611
-0.0603803
-0.0577489
-0.059616
-0.0610502
-0.063191
-0.0585588
-0.0671377
-0.0677218
-0.0678812
-0.066772
-0.0679744
-0.0625168
-0.0735121
-0.0718897
-0.0736765
-0.069951
-0.0757709
-0.0606914
-0.0529437
-0.0527182
-0.0509529
-0.0604686
-0.0541397
-0.0624172
-0.0580885
-0.0632415
-0.060777
-0.0592334
-0.0687305
-0.0693902
-0.063311
-0.0651788
-0.071914
-0.0586532
-0.0593076
-0.0620082
-0.0556084
-0.0537931
-0.054689
-0.0506666
-0.0563797
-0.0552478
-0.0587375
-0.0676883
-0.0621138
-0.0559473
-0.0724515
-0.0707368
-0.0588842
-0.0608513
-0.06035
-0.0524966
-0.0660354
-0.0659952
-0.0610163
-0.0604408
-0.055704
-0.0642719
-0.0620885
-0.0547149
-0.0532579
-0.0551326
-0.0501073
-0.0551836
-0.0520317
-0.0526791
-0.0509326
-0.0483059
-0.0469424
-0.0521326
-0.0565828
-0.0502245
-0.0451042
-0.0487192
-0.0544292
-0.0587075
-0.0510322
-0.0500413
-0.0568062
-0.0547112
-0.071358
-0.0707052
-0.0740519
-0.0700862
-0.0764333
-0.0762751
-0.0769278
-0.0765526
-0.0764052
-0.0752328
-0.0759142
-0.0753427
-0.0756883
-0.0754704
-0.0745044
-0.0749241
-0.0748739
-0.0760691
-0.0763116
-0.0754937
-0.0763877
-0.0769563
-0.0752251
-0.0744928
-0.0742108
-0.0725349
-0.0728226
-0.0735373
-0.0735267
-0.0740862
-0.0738141
-0.0732716
-0.0730498
-0.0726698
-0.0735759
-0.0732382
-0.0709847
-0.0731027
-0.0722883
-0.0712999
-0.0720436
-0.0711754
-0.0715771
-0.0727297
-0.0718465
-0.0709669
-0.0718517
-0.069359
-0.0716628
-0.0722765
-0.0707228
-0.0734263
-0.0711029
-0.0727047
-0.0702582
-0.0697763
-0.0706537
-0.0700503
-0.0698069
-0.0704119
-0.0701761
-0.070452
-0.0698538
-0.071108
-0.0682391
-0.0706681
-0.0705439
-0.069027
-0.0690476
-0.0695427
-0.0694032
-0.0697331
-0.0699019
-0.0668303
-0.0691497
-0.0686674
-0.0682359
-0.0694714
-0.0681771
-0.0685054
-0.0678948
-0.0668463
-0.0669011
-0.0677974
-0.0674322
-0.0671401
-0.0676604
-0.0674266
-0.0671251
-0.0677185
-0.0671651
-0.0677362
-0.0671408
-0.0681381
-0.0719007
-0.0717611
-0.0724229
-0.0719071
-0.0714112
-0.0722218
-0.0714641
-0.0710038
-0.0659118
-0.0654654
-0.0665445
-0.0662228
-0.0659008
-0.0665555
-0.066543
-0.0665262
-0.0642219
-0.0661905
-0.0647637
-0.0648083
-0.0656693
-0.0658899
-0.0659068
-0.0664157
-0.0650421
-0.0669156
-0.0707262
-0.0706382
-0.0711657
-0.0708653
-0.0702082
-0.0735312
-0.0656586
-0.0651713
-0.0657952
-0.0661588
-0.0675851
-0.0758365
-0.0763146
-0.0757124
-0.0749306
-0.0759292
-0.0757697
-0.0754642
-0.0749834
-0.0755143
-0.074572
-0.0743346
-0.0740696
-0.0745941
-0.0727694
-0.0784233
-0.0759166
-0.0770401
-0.074292
-0.075465
-0.0845042
-0.083983
-0.0831574
-0.0728897
-0.0699468
-0.0712819
-0.0680186
-0.0693898
-0.0765479
-0.0775388
-0.075859
-0.0744332
-0.0692079
-0.0718493
-0.0713151
-0.0708142
-0.0729224
-0.0702532
-0.0681269
-0.0703571
-0.0722594
-0.0659628
-0.0732591
-0.0671583
-0.0686143
-0.0664511
-0.0706269
-0.0678261
-0.0851166
-0.0842783
-0.0867831
-0.0836524
-0.0832442
-0.083697
-0.0810642
-0.0828004
-0.0844171
-0.0826004
-0.0630148
-0.0844955
-0.0670463
-0.0806389
-0.0791594
-0.0812377
-0.0749947
-0.0820956
-0.0763972
-0.0778754
-0.0773579
-0.0769915
-0.0738989
-0.0756155
-0.0784726
-0.0753124
-0.0747155
-0.0741167
-0.0713628
-0.0753291
-0.0726387
-0.070744
-0.0765599
-0.075925
-0.0704607
-0.0743127
-0.0763108
-0.0726844
-0.0739227
-0.0825264
-0.082997
-0.0824021
-0.0814034
-0.066361
-0.0657989
-0.0679296
-0.0666983
-0.0691629
-0.0672902
-0.0554032
-0.0548099
-0.0556241
-0.0576567
-0.0531498
-0.0793567
-0.0797575
-0.0748594
-0.0712284
-0.0735126
-0.0744667
-0.0728188
-0.0749215
-0.0734902
-0.0723919
-0.071051
-0.0723658
-0.0726884
-0.0737304
-0.0737565
-0.0723193
-0.0729863
-0.0748847
-0.0730164
-0.0758521
-0.0720302
-0.0741632
-0.0742061
-0.0738401
-0.0769406
-0.0746435
-0.0775922
-0.0775813
-0.0785602
-0.0800273
-0.0782629
-0.0779951
-0.0783249
-0.0748132
-0.0734822
-0.0726659
-0.0738214
-0.0701643
-0.0672286
-0.0684016
-0.0688042
-0.0679278
-0.0632039
-0.0661732
-0.0654199
-0.0673826
-0.0666518
-0.0660481
-0.0686754
-0.0684221
-0.070259
-0.0701976
-0.0714506
-0.0679082
-0.0715458
-0.0686366
-0.0712371
-0.0700998
-0.0726933
-0.0693228
-0.0729777
-0.0740637
-0.0690844
-0.0694103
-0.0732624
-0.0689709
-0.0676147
-0.0706578
-0.0479736
-0.0560352
-0.0530649
-0.0562759
-0.0469507
-0.0503176
-0.0485802
-0.0494363
-0.0517343
-0.0480746
-0.0512312
-0.0520915
-0.0508631
-0.0535997
-0.0472346
-0.056423
-0.0484849
-0.0564212
-0.0497549
-0.0439078
-0.054464
-0.0532598
-0.0463365
-0.0519756
-0.0452205
-0.0545297
-0.0487731
-0.059827
-0.0486117
-0.0566954
-0.0507891
-0.0447853
-0.0567398
-0.0522872
-0.0464247
-0.0606727
-0.0509181
-0.0438481
-0.058481
-0.0637351
-0.0484159
-0.0587236
-0.0595695
-0.0598573
-0.0490939
-0.0614152
-0.0460591
-0.0439474
-0.050798
-0.0472521
-0.0503186
-0.0645365
-0.0565149
-0.061886
-0.0642642
-0.0661822
-0.0585298
-0.0630024
-0.0622381
-0.0602835
-0.0384786
-0.0468488
-0.0424152
-0.0447412
-0.0449756
-0.0434677
-0.0419809
-0.0397254
-0.0417722
-0.0402392
-0.0420019
-0.0434025
-0.0410864
-0.0396043
-0.0424986
-0.0400707
-0.0401746
-0.035146
-0.0368123
-0.0380093
-0.0499956
-0.0458873
-0.0481404
-0.0475662
-0.0453107
-0.0528938
-0.0563861
-0.0574314
-0.057658
-0.06052
-0.0551612
-0.0600481
-0.0477229
-0.0587934
-0.0616872
-0.063441
-0.0637804
-0.0629444
-0.0651813
-0.06259
-0.0604241
-0.0512517
-0.0535654
-0.0614813
-0.0532534
-0.0559286
-0.0616007
-0.0531587
-0.0568987
-0.0503239
-0.0551805
-0.0575929
-0.0556208
-0.0541805
-0.0519034
-0.0477857
-0.0509218
-0.0480604
-0.0407088
-0.0491046
-0.0442399
-0.0463007
-0.0455024
-0.0436748
-0.0425648
-0.0451369
-0.0483346
-0.0427269
-0.0378348
-0.0404241
-0.0419709
-0.0441764
-0.0471206
-0.0459448
-0.0478319
-0.0513982
-0.0471178
-0.0493481
-0.0489688
-0.044155
-0.0456009
-0.0406215
-0.0427854
-0.0428968
-0.0411246
-0.0392471
-0.0360612
-0.0371842
-0.0425997
-0.0614565
-0.0601466
-0.0575252
-0.0534121
-0.0471179
-0.0417488
-0.0450329
-0.0444784
-0.0457364
-0.0424111
-0.0388638
-0.0405966
-0.0390433
-0.0430794
-0.0369036
-0.041165
-0.0443808
-0.0465231
-0.0363218
-0.0370107
-0.037553
-0.0390603
-0.0333425
-0.0348051
-0.0358463
-0.033277
-0.0341585
-0.0349118
-0.0336781
-0.0319712
-0.0326659
-0.0319365
-0.03262
-0.0320237
-0.0322793
-0.032751
-0.0312491
-0.0324167
-0.0314484
-0.0343485
-0.0355274
-0.0317032
-0.0345214
-0.0313921
-0.0339431
-0.0344826
-0.0320518
-0.0314096
-0.0323416
-0.0319298
-0.0316422
-0.031526
-0.0334888
-0.0320343
-0.0329195
-0.0330442
-0.03278
-0.0338133
-0.0329922
-0.0313826
-0.032028
-0.0325951
-0.0338747
-0.0370422
-0.0337218
-0.0354152
-0.0346728
-0.0312689
-0.0314794
-0.0314077
-0.0317619
-0.032017
-0.0317819
-0.0326973
-0.0321057
-0.0329323
-0.0317784
-0.031851
-0.0346512
-0.033072
-0.0324454
-0.0324346
-0.0316745
-0.0316247
-0.0336758
-0.0325165
-0.0337576
-0.0330704
-0.0323041
-0.0323474
-0.0332682
-0.0330346
-0.0317679
-0.0325421
-0.0328017
-0.0358786
-0.0344624
-0.0348201
-0.0365227
-0.0366234
-0.0350804
-0.0377822
-0.0352304
-0.0364512
-0.0350868
-0.0363904
-0.034612
-0.0418519
-0.0386763
-0.0340545
-0.0363917
-0.0355689
-0.036199
-0.0382932
-0.0374403
-0.0394543
-0.0388959
-0.0364618
-0.0376052
-0.0381097
-0.0374457
-0.0364414
-0.0370356
-0.0368989
-0.0390906
-0.0414673
-0.0402753
-0.0429178
-0.0361031
-0.0406718
-0.0373281
-0.0400524
-0.0388903
-0.0423802
-0.0382726
-0.0407702
-0.040018
-0.0440767
-0.038712
-0.0420504
-0.0370368
-0.0421852
-0.0373947
-0.0344983
-0.0358654
-0.0349378
-0.0350063
-0.0339077
-0.0338229
-0.0395267
-0.0391934
-0.0391862
-0.0429562
-0.0406629
-0.0395054
-0.0522126
-0.0572734
-0.0718965
-0.0713703
-0.0706554
-0.0700265
-0.0681608
-0.074586
-0.0742838
-0.0737806
-0.0752446
-0.0730507
-0.0743975
-0.0746421
-0.0730658
-0.0730283
-0.0734067
-0.0738042
-0.07385
-0.0744488
-0.0743153
-0.0713564
-0.0698045
-0.0690735
-0.0695663
-0.0687234
-0.0680008
-0.0685125
-0.0682773
-0.0688119
-0.0688224
-0.0688159
-0.0696515
-0.067435
-0.0678205
-0.0672962
-0.0676964
-0.0672337
-0.0676116
-0.0678159
-0.0668736
-0.0672249
-0.0666227
-0.0668959
-0.0662767
-0.0650222
-0.0652586
-0.065912
-0.0657071
-0.0657881
-0.0651609
-0.0662307
-0.0641889
-0.0654396
-0.0647425
-0.0647783
-0.0636466
-0.0653508
-0.0621053
-0.0643629
-0.0642637
-0.0639811
-0.0639327
-0.0646544
-0.0672714
-0.0676562
-0.0665695
-0.0653476
-0.0642233
-0.0638135
-0.0665282
-0.0647639
-0.0652051
-0.0654465
-0.0695373
-0.0690826
-0.0682985
-0.0688087
-0.0683928
-0.0725698
-0.0674139
-0.0732947
-0.0738542
-0.0710832
-0.071645
-0.0722517
-0.0841151
-0.0838562
-0.0824416
-0.0832583
-0.0829744
-0.0816166
-0.082438
-0.082083
-0.0807339
-0.0816252
-0.0802563
-0.081299
-0.0806173
-0.0810375
-0.0803686
-0.0797356
-0.0811286
-0.079172
-0.0790135
-0.0818852
-0.0869582
-0.0792883
-0.07982
-0.0812798
-0.0834174
-0.0833803
-0.0827395
-0.0631007
-0.0860585
-0.0841431
-0.0851658
-0.085809
-0.085288
-0.0857995
-0.0831598
-0.0840629
-0.0866882
-0.0845607
-0.0825726
-0.0845879
-0.0854974
-0.0870788
-0.0874883
-0.0858322
-0.0839455
-0.0812117
-0.0812183
-0.0774106
-0.0787296
-0.0800868
-0.0794879
-0.0793248
-0.0794424
-0.0782327
-0.0755066
-0.0770919
-0.0805314
-0.0760073
-0.07669
-0.0761929
-0.0764526
-0.0778879
-0.0780636
-0.0790965
-0.0778174
-0.0803992
-0.080147
-0.0787096
-0.0790053
-0.0813367
-0.0814749
-0.0755783
-0.0757872
-0.0759762
-0.0735796
-0.0783973
-0.0792961
-0.0785407
-0.0808743
-0.0801296
-0.0816115
-0.0799912
-0.080637
-0.0803903
-0.080163
-0.0795048
-0.0811356
-0.0817955
-0.0824249
-0.0824907
-0.081688
-0.0816403
-0.0814082
-0.080751
-0.0792619
-0.0823495
-0.080655
-0.0809208
-0.0801779
-0.0792081
-0.0795703
-0.0799218
-0.0791265
-0.0819609
-0.0815251
-0.0800131
-0.0799665
-0.07777
-0.0791807
-0.0795188
-0.0796333
-0.0782904
-0.0785701
-0.0780917
-0.0782298
-0.0765161
-0.0774548
-0.0783916
-0.0807028
-0.080551
-0.079134
-0.0777449
-0.0762101
-0.0771856
-0.0799628
-0.0759781
-0.0756687
-0.0651398
-0.06636
-0.0627393
-0.0639323
-0.0687583
-0.0626211
-0.0706162
-0.0717154
-0.0712788
-0.0703253
-0.0503812
-0.0517488
-0.0501898
-0.0629603
-0.0546659
-0.0528299
-0.0548936
-0.0575331
-0.0602079
-0.0592067
-0.0454549
-0.0466516
-0.0619892
-0.0635163
-0.0650845
-0.0656573
-0.0430224
-0.0405287
-0.0396099
-0.0372202
-0.0411875
-0.0390412
-0.042228
-0.042599
-0.0417158
-0.0436061
-0.037433
-0.0434979
-0.0465172
-0.0468955
-0.0479949
-0.0485383
-0.0591477
-0.0515248
-0.052787
-0.0424337
-0.0427402
-0.04301
-0.0454253
-0.0405915
-0.0443112
-0.0467362
-0.0479311
-0.0449948
-0.0462603
-0.0463596
-0.0481415
-0.0503533
-0.0419605
-0.0496504
-0.0501879
-0.0503444
-0.0483698
-0.0536073
-0.0467862
-0.05218
-0.0552023
-0.0533918
-0.0535969
-0.050314
-0.0518992
-0.0535776
-0.0571173
-0.0556551
-0.0520484
-0.0575803
-0.0598467
-0.0520825
-0.0600985
-0.0380701
-0.040303
-0.03907
-0.0393624
-0.0370998
-0.0357459
-0.0378148
-0.0357568
-0.0387927
-0.0364803
-0.0410084
-0.0370605
-0.0399615
-0.0392879
-0.0394503
-0.0410065
-0.0424163
-0.0410447
-0.0404752
-0.0537407
-0.0523072
-0.0635138
-0.0481118
-0.0377324
-0.0388864
-0.0447679
-0.0404385
-0.0423066
-0.0434822
-0.0402414
-0.038311
-0.0386147
-0.0455755
-0.0444537
-0.0475648
-0.035223
-0.0354389
-0.0347176
-0.0319363
-0.0335016
-0.032769
-0.0337036
-0.0326206
-0.0323048
-0.0354972
-0.033174
-0.0408164
-0.0384598
-0.0399182
-0.0393311
-0.0412583
-0.0469635
-0.0443766
-0.0426202
-0.0425653
-0.046256
-0.0445602
-0.0446009
-0.0468626
-0.0526477
-0.0511493
-0.0494967
-0.048845
-0.0503636
-0.0490002
-0.0472851
-0.0344158
-0.0339249
-0.0356295
-0.0333786
-0.0333682
-0.041496
-0.0428448
-0.0456947
-0.0433667
-0.0482358
-0.0445009
-0.0446856
-0.0453774
-0.047469
-0.0438421
-0.0460614
-0.0403659
-0.0495864
-0.0333444
-0.0695523
-0.075014
-0.0748497
-0.075422
-0.0718491
-0.0702634
-0.0702417
-0.0693048
-0.0685634
-0.0682344
-0.0685587
-0.0687933
-0.0680079
-0.0682809
-0.0677341
-0.0678441
-0.0681045
-0.0683894
-0.0692927
-0.0696559
-0.0691939
-0.0692171
-0.0701338
-0.0669679
-0.06587
-0.0663982
-0.0665188
-0.0657463
-0.0668116
-0.0660772
-0.0654969
-0.0663786
-0.0668897
-0.0655398
-0.0674264
-0.0657509
-0.0659623
-0.0630701
-0.0625629
-0.0632064
-0.0625713
-0.0626573
-0.0642212
-0.0634275
-0.0636494
-0.0638824
-0.0637253
-0.0635686
-0.0629231
-0.0646015
-0.0633239
-0.064258
-0.0647675
-0.0638618
-0.0652417
-0.0649787
-0.0649436
-0.0654369
-0.0749006
-0.073548
-0.0740604
-0.0673979
-0.0717812
-0.0724186
-0.06394
-0.0861885
-0.084747
-0.0821528
-0.0836847
-0.0847036
-0.0854201
-0.0836514
-0.0858023
-0.0847101
-0.0848425
-0.0823591
-0.0840429
-0.0826675
-0.0823791
-0.0832276
-0.0834565
-0.0841156
-0.0847056
-0.0790685
-0.0815497
-0.0825257
-0.0808754
-0.082244
-0.0831476
-0.0817304
-0.0837483
-0.0835336
-0.082705
-0.0829214
-0.0820537
-0.0811262
-0.0812975
-0.0801247
-0.080572
-0.0821034
-0.0808446
-0.0805701
-0.0813575
-0.0815889
-0.0785742
-0.0821535
-0.0796147
-0.0791095
-0.07907
-0.081277
-0.0802175
-0.0769054
-0.0797856
-0.0805556
-0.0799229
-0.0794711
-0.0779425
-0.0808146
-0.0784961
-0.0775845
-0.0765366
-0.0774369
-0.0771789
-0.075654
-0.0776859
-0.0780436
-0.0772721
-0.0838748
-0.0795352
-0.082337
-0.0866101
-0.0851679
-0.0855461
-0.0844149
-0.0833145
-0.084521
-0.0823687
-0.0833763
-0.082062
-0.0833896
-0.0825009
-0.080851
-0.0817599
-0.0823492
-0.0833837
-0.0802837
-0.0796753
-0.0786183
-0.0803192
-0.0811254
-0.0784871
-0.0816738
-0.0821153
-0.0821993
-0.0812116
-0.0801644
-0.0811815
-0.0799981
-0.0804675
-0.0788461
-0.0796731
-0.0803484
-0.07777
-0.07973
-0.0792142
-0.0788493
-0.0785993
-0.0777311
-0.0770927
-0.078544
-0.0787514
-0.0776819
-0.077325
-0.0762344
-0.0785181
-0.0778456
-0.0764888
-0.0785228
-0.0793099
-0.0765715
-0.0749071
-0.0769143
-0.0759981
-0.0742577
-0.0761978
-0.0748906
-0.0749581
-0.0764663
-0.0773789
-0.075384
-0.07474
-0.0747833
-0.0756058
-0.0734509
-0.0728468
-0.0746025
-0.0739543
-0.0734249
-0.0733424
-0.0710617
-0.0740353
-0.0721075
-0.0730484
-0.0735984
-0.0739391
-0.0715872
-0.0730591
-0.0741577
-0.0749094
-0.080034
-0.0770402
-0.0770825
-0.0756706
-0.0748962
-0.0750495
-0.0744665
-0.0750809
-0.0758272
-0.0770702
-0.0779833
-0.0755857
-0.0738762
-0.0760398
-0.0767243
-0.0780215
-0.077859
-0.077694
-0.0766643
-0.0745002
-0.0728131
-0.075317
-0.077075
-0.0735682
-0.0716218
-0.0728922
-0.0736172
-0.0727241
-0.0698669
-0.0717437
-0.0804079
-0.0805042
-0.0796614
-0.0798258
-0.0787593
-0.0819952
-0.082964
-0.0831089
-0.0797544
-0.0812991
-0.0822677
-0.076689
-0.0760086
-0.0749554
-0.0750074
-0.0755966
-0.0751864
-0.0755967
-0.07408
-0.0809325
-0.082189
-0.083371
-0.0832152
-0.0824455
-0.0835842
-0.0845119
-0.0767965
-0.0745144
-0.0756297
-0.0628319
-0.0686213
-0.0699231
-0.0693179
-0.0700946
-0.0706733
-0.0653175
-0.0716
-0.0491359
-0.0520569
-0.054062
-0.0613406
-0.0614939
-0.0363372
-0.0350231
-0.0352685
-0.0357725
-0.0338936
-0.0344427
-0.0345219
-0.0360457
-0.0330445
-0.0379258
-0.036238
-0.0373358
-0.0364218
-0.0403802
-0.0406155
-0.0418512
-0.0452953
-0.0389257
-0.0437897
-0.058974
-0.0613582
-0.0627519
-0.0345331
-0.0351948
-0.0364549
-0.034115
-0.0375727
-0.034282
-0.0364028
-0.0386148
-0.0379963
-0.0438912
-0.0423261
-0.0438949
-0.0418681
-0.0403032
-0.0364882
-0.0350434
-0.0337893
-0.036189
-0.0402372
-0.0515076
-0.0570821
-0.0541487
-0.0462508
-0.0449827
-0.0437595
-0.0470712
-0.0470198
-0.0513551
-0.0490549
-0.0501736
-0.0504783
-0.0540673
-0.0491652
-0.0522686
-0.0549163
-0.0468969
-0.0472797
-0.0482931
-0.0465505
-0.0437515
-0.0469161
-0.0468555
-0.055511
-0.0443086
-0.0700225
-0.0691029
-0.0705094
-0.069493
-0.0688176
-0.070457
-0.0679156
-0.0682278
-0.0685163
-0.0672175
-0.0689027
-0.0677608
-0.0674067
-0.0691836
-0.0757077
-0.0748237
-0.0720969
-0.0726604
-0.0712364
-0.0734406
-0.0741306
-0.0736749
-0.0723312
-0.0732079
-0.0722838
-0.0716917
-0.0708997
-0.0695938
-0.0708352
-0.0702754
-0.0713154
-0.0701142
-0.0707586
-0.0692711
-0.0703893
-0.0698344
-0.0686292
-0.0673631
-0.0663723
-0.0619768
-0.0630811
-0.0625569
-0.0617195
-0.0633385
-0.0632267
-0.0627696
-0.0631263
-0.0622529
-0.0624966
-0.0652687
-0.0652567
-0.064134
-0.0643967
-0.0647934
-0.0642997
-0.063792
-0.0642914
-0.0636553
-0.063956
-0.0628436
-0.0632032
-0.063579
-0.0727598
-0.0725137
-0.0721426
-0.071291
-0.0722913
-0.0721723
-0.0717562
-0.081496
-0.0800471
-0.0797522
-0.0788038
-0.0780142
-0.0785207
-0.0793101
-0.0828692
-0.0802437
-0.0795133
-0.0783249
-0.078733
-0.078908
-0.0775169
-0.0782464
-0.0770354
-0.0774675
-0.077654
-0.0761144
-0.0754118
-0.0752164
-0.0761985
-0.0767832
-0.0809924
-0.0804141
-0.0815383
-0.0823744
-0.0773692
-0.0782768
-0.0779481
-0.0768858
-0.0766165
-0.0745459
-0.0755236
-0.0777479
-0.0749292
-0.0754466
-0.0762097
-0.0754793
-0.0744422
-0.0753246
-0.0716812
-0.0738699
-0.0730524
-0.0738711
-0.0733264
-0.0733968
-0.0724218
-0.0724099
-0.0719972
-0.072911
-0.0721704
-0.0716944
-0.0712459
-0.0717886
-0.0722847
-0.0708438
-0.0726167
-0.0711841
-0.0689231
-0.0716783
-0.0700689
-0.0774995
-0.0769146
-0.071446
-0.0726318
-0.0723621
-0.0719566
-0.0689033
-0.0715641
-0.0704163
-0.0724317
-0.0757064
-0.0763426
-0.0713476
-0.0716239
-0.0715798
-0.0722981
-0.0721787
-0.0732188
-0.0729316
-0.0738342
-0.0720968
-0.0750354
-0.0727103
-0.070066
-0.080972
-0.0816081
-0.0743411
-0.0743399
-0.0735647
-0.0742937
-0.0737907
-0.0751795
-0.0760973
-0.0752674
-0.0685437
-0.0663369
-0.0687885
-0.0667305
-0.0659025
-0.0659708
-0.0557631
-0.0574188
-0.0551809
-0.0540947
-0.0614087
-0.0637453
-0.0643223
-0.0625546
-0.0641439
-0.0646119
-0.0348541
-0.038135
-0.0463476
-0.0443465
-0.0426443
-0.0586701
-0.0566948
-0.0599819
-0.0612903
-0.0554581
-0.0613085
-0.0382482
-0.0375103
-0.0401445
-0.0350505
-0.034954
-0.0345835
-0.0346633
-0.0560649
-0.0533541
-0.0544116
-0.0528292
-0.0510281
-0.053071
-0.0600805
-0.056475
-0.0549618
-0.0537123
-0.052444
-0.0444836
-0.0459444
-0.0481175
-0.0515852
-0.0495319
-0.049019
-0.0517061
-0.0520043
-0.0500578
-0.0502283
-0.0497016
-0.0518949
-0.0504359
-0.0545585
-0.053543
-0.0484554
-0.0537185
-0.0539808
-0.0467782
-0.0477561
-0.0524192
-0.0516591
-0.0549726
-0.0511605
-0.0496514
-0.053505
-0.0538426
-0.0502353
-0.0483457
-0.0543926
-0.0534477
-0.0529913
-0.0515963
-0.050835
-0.0525675
-0.0525208
-0.0505878
-0.0499887
-0.042489
-0.0442474
-0.0404772
-0.0407058
-0.0387613
-0.0384563
-0.0423459
-0.0465147
-0.044778
-0.0393016
-0.0366767
-0.0362869
-0.0378727
-0.0396229
-0.0377205
-0.0423047
-0.0419421
-0.0409778
-0.0439575
-0.0426496
-0.0443425
-0.0416567
-0.0406109
-0.0394794
-0.0360399
-0.039002
-0.0374936
-0.0361394
-0.0374118
-0.069539
-0.064934
-0.0689173
-0.0712841
-0.0729619
-0.0722129
-0.0727986
-0.0730982
-0.0721353
-0.0719496
-0.0719112
-0.0703791
-0.0712754
-0.0714882
-0.0705627
-0.0716355
-0.0708739
-0.0700017
-0.0697626
-0.0706317
-0.0702482
-0.0694773
-0.0707195
-0.0712444
-0.0710051
-0.0703429
-0.0715729
-0.0707234
-0.071349
-0.0713771
-0.070646
-0.0707177
-0.0700159
-0.0686729
-0.0693099
-0.0686122
-0.0698439
-0.0710489
-0.0696077
-0.069221
-0.0686486
-0.0700161
-0.0706107
-0.0692124
-0.0686264
-0.0691528
-0.0681026
-0.068834
-0.0667364
-0.0675897
-0.0681667
-0.0679124
-0.0696943
-0.0675837
-0.0687239
-0.0707128
-0.0694872
-0.0694427
-0.0686059
-0.0689594
-0.0690886
-0.0682124
-0.0682581
-0.0692212
-0.0693667
-0.068833
-0.0658971
-0.0621478
-0.0611151
-0.0615027
-0.073292
-0.0730203
-0.0732373
-0.0736793
-0.0729043
-0.073247
-0.0725534
-0.0737583
-0.0722842
-0.0735645
-0.0728935
-0.0723599
-0.0716106
-0.0719775
-0.0710421
-0.070414
-0.0715382
-0.0711005
-0.0714142
-0.0707754
-0.0707477
-0.069849
-0.0783629
-0.0772196
-0.0767164
-0.0761828
-0.0768697
-0.0744229
-0.0742821
-0.0745735
-0.0753881
-0.0759781
-0.0757179
-0.0747917
-0.073576
-0.0738288
-0.074565
-0.0736138
-0.0725368
-0.0728625
-0.0733457
-0.0749501
-0.0741687
-0.0727008
-0.0814137
-0.0738985
-0.0741921
-0.0745324
-0.0731064
-0.0740438
-0.0747968
-0.0737279
-0.0729832
-0.0723996
-0.0732305
-0.0729071
-0.0715918
-0.0704876
-0.0705117
-0.0693846
-0.0700733
-0.0694226
-0.0716108
-0.0722106
-0.0711456
-0.0697871
-0.0706476
-0.0697649
-0.0699435
-0.0698793
-0.0710506
-0.0722796
-0.0761135
-0.0755052
-0.0769635
-0.0776688
-0.0761841
-0.0767585
-0.0756897
-0.0747806
-0.0738905
-0.0727181
-0.0723833
-0.0676138
-0.0676141
-0.0672873
-0.0678092
-0.0668331
-0.0683683
-0.0644483
-0.0695734
-0.0658723
-0.0692686
-0.0700561
-0.0707221
-0.0702818
-0.0702772
-0.0639953
-0.0581684
-0.0598992
-0.0567406
-0.0526973
-0.061518
-0.0466901
-0.0398282
-0.0404342
-0.0617276
-0.0585197
-0.0638522
-0.0387105
-0.0557958
-0.0528933
-0.0554241
-0.0638946
-0.0572602
-0.0567916
-0.0561697
-0.0590727
-0.0602156
-0.0582838
-0.0604984
-0.0585552
-0.0598048
-0.0619442
-0.0638304
-0.0639861
-0.0602576
-0.0621926
-0.063342
-0.0512064
-0.0564572
-0.055416
-0.0577099
-0.0600844
-0.0638287
-0.0582142
-0.058528
-0.0583423
-0.0638099
-0.0562625
-0.0602953
-0.0541989
-0.056885
-0.0567231
-0.0605618
-0.0620608
-0.0619031
-0.0617588
-0.0632086
-0.0621814
-0.058813
-0.0533192
-0.0597515
-0.0585593
-0.0651079
-0.0638099
-0.0552098
-0.0546206
-0.0604684
-0.0582863
-0.05785
-0.0511863
-0.0486262
-0.0514484
-0.0516962
-0.053936
-0.0488168
-0.055638
-0.0471732
-0.0457215
-0.0476697
-0.0494718
-0.0511686
-0.0494602
-0.0477294
-0.0500565
-0.0525171
-0.0457796
-0.0474449
-0.0596747
-0.0521629
-0.0546333
-0.0590292
-0.0537143
-0.0565873
-0.0552701
-0.0574081
-0.0552723
-0.0542871
-0.0562556
-0.0566513
-0.0556737
-0.0562312
-0.0531915
-0.0476136
-0.0364448
-0.0390377
-0.066179
-0.0683051
-0.0689851
-0.0691066
-0.0701913
-0.0692108
-0.0677277
-0.0682641
-0.0713286
-0.06744
-0.0660857
-0.0682928
-0.0690528
-0.0693358
-0.0678293
-0.0677703
-0.0665467
-0.0669448
-0.0683309
-0.0685127
-0.0677389
-0.0696626
-0.0777787
-0.0777588
-0.0759124
-0.0743173
-0.0735805
-0.0738951
-0.0729691
-0.0721151
-0.0709946
-0.0684245
-0.0702775
-0.0693334
-0.0669694
-0.0683225
-0.0697574
-0.0664926
-0.0706547
-0.070523
-0.0711311
-0.0693471
-0.0672441
-0.0675215
-0.0684085
-0.0684944
-0.067349
-0.0692535
-0.0685345
-0.0675997
-0.0658069
-0.069218
-0.0673489
-0.0675713
-0.067909
-0.0648232
-0.0677259
-0.0683619
-0.0660697
-0.0667624
-0.0732282
-0.0741631
-0.0747181
-0.0757098
-0.0761907
-0.0767794
-0.0774136
-0.0666371
-0.0652398
-0.0651822
-0.066036
-0.0650814
-0.0649207
-0.0596326
-0.0580146
-0.0582076
-0.0602829
-0.0555626
-0.0588907
-0.0571429
-0.0564114
-0.0525631
-0.0543198
-0.0544262
-0.0450193
-0.0414597
-0.0592714
-0.0628792
-0.0645258
-0.0646063
-0.0376804
-0.0387255
-0.040667
-0.0550264
-0.0591421
-0.0616877
-0.0652968
-0.065874
-0.0659454
-0.0642948
-0.0654162
-0.0662046
-0.0642066
-0.0654214
-0.066032
-0.0656123
-0.0657024
-0.0654343
-0.0654331
-0.0654566
-0.0569656
-0.0584953
-0.0638636
-0.0600534
-0.0557037
-0.0547729
-0.0559122
-0.0558772
-0.0575911
-0.0533306
-0.0561561
-0.0558716
-0.0535477
-0.0573338
-0.0526205
-0.0535117
-0.0575892
-0.0545106
-0.0569969
-0.055752
-0.0590676
-0.0533284
-0.0516517
-0.0544916
-0.0507187
-0.0520607
-0.0529969
-0.0534075
-0.0552728
-0.0551641
-0.0564857
-0.0450007
-0.0379033
-0.0386186
-0.0668323
-0.0679917
-0.0690786
-0.0687467
-0.0686225
-0.0672335
-0.0680909
-0.0693593
-0.0697474
-0.0701315
-0.0699745
-0.0695654
-0.0686414
-0.0693554
-0.0681444
-0.0677967
-0.0657218
-0.0667061
-0.0672307
-0.0670457
-0.0670065
-0.0647432
-0.0661814
-0.066773
-0.0657133
-0.0671285
-0.0663043
-0.0654279
-0.0659757
-0.0647992
-0.064373
-0.0628018
-0.0638449
-0.0623384
-0.0632744
-0.0634574
-0.0639979
-0.062218
-0.0638633
-0.0590875
-0.0641283
-0.063357
-0.0621102
-0.0625964
-0.0612614
-0.0628503
-0.0618747
-0.060973
-0.0623066
-0.0626973
-0.0607823
-0.0619907
-0.0613052
-0.0616477
-0.0599944
-0.0605395
-0.0681486
-0.0669051
-0.0678187
-0.0703509
-0.0703923
-0.0696254
-0.0684589
-0.0662934
-0.0624843
-0.065667
-0.0643782
-0.0663548
-0.0652743
-0.0638211
-0.0653148
-0.0643817
-0.0685771
-0.0674465
-0.0684024
-0.0676045
-0.0682133
-0.0650261
-0.066299
-0.0670004
-0.0657254
-0.0753407
-0.0770328
-0.0761951
-0.0629217
-0.0640527
-0.06389
-0.0631234
-0.0632589
-0.0598705
-0.0626584
-0.0551948
-0.0443446
-0.0598174
-0.0397909
-0.0439477
-0.0409586
-0.039875
-0.063302
-0.0621714
-0.0619742
-0.0644468
-0.0638407
-0.0541459
-0.0557323
-0.0581888
-0.0574205
-0.0515263
-0.0498764
-0.0532152
-0.051959
-0.0542356
-0.0516171
-0.0517388
-0.0487061
-0.0500512
-0.0499665
-0.0483086
-0.0510269
-0.0568828
-0.0579987
-0.055806
-0.0586282
-0.0585796
-0.057471
-0.0607083
-0.0640992
-0.0594312
-0.060067
-0.0618036
-0.060371
-0.0642417
-0.0612569
-0.0556401
-0.0562797
-0.0588627
-0.057829
-0.0602139
-0.0582915
-0.0563592
-0.0569896
-0.0560243
-0.0578618
-0.057649
-0.0589813
-0.057752
-0.0582033
-0.0612515
-0.0589012
-0.0583033
-0.0586115
-0.0582077
-0.0580237
-0.0585286
-0.0604691
-0.0578438
-0.0570605
-0.059623
-0.0596129
-0.0601858
-0.0622315
-0.0612153
-0.0620309
-0.0638915
-0.0629211
-0.060265
-0.0599763
-0.0597237
-0.0589844
-0.0630324
-0.0622188
-0.0622892
-0.0595063
-0.0606727
-0.0592397
-0.0585854
-0.0601288
-0.0609996
-0.059328
-0.0594244
-0.0600035
-0.059885
-0.0607119
-0.0627914
-0.059802
-0.0632437
-0.0594141
-0.061598
-0.0621889
-0.0565405
-0.0555945
-0.0482108
-0.0518723
-0.0524417
-0.048052
-0.0507876
-0.0517166
-0.0499439
-0.0551703
-0.0541459
-0.0436894
-0.0463408
-0.0448351
-0.0424224
-0.0424237
-0.0439735
-0.0408328
-0.0459165
-0.0471313
-0.0455496
-0.0450545
-0.0409049
-0.0409299
-0.0426792
-0.0439504
-0.0445822
-0.0483824
-0.046175
-0.0461672
-0.04951
-0.0420064
-0.0435229
-0.0420424
-0.0414477
-0.0450848
-0.0476024
-0.0464521
-0.0460616
-0.0510307
-0.0444218
-0.0487135
-0.0447502
-0.0435418
-0.042476
-0.0463765
-0.0448838
-0.0459816
-0.0486808
-0.0486643
-0.0475983
-0.0470296
-0.0489157
-0.0456262
-0.0676663
-0.0681452
-0.066628
-0.0668865
-0.0671935
-0.0677167
-0.0687965
-0.0689967
-0.068084
-0.0679553
-0.068509
-0.0689616
-0.0676236
-0.0674473
-0.0670933
-0.0654985
-0.0649723
-0.0650506
-0.0665397
-0.0616591
-0.0639721
-0.0604126
-0.0578022
-0.0595661
-0.0590128
-0.060151
-0.0597516
-0.0606371
-0.0606476
-0.0668723
-0.0673359
-0.0661049
-0.071208
-0.070942
-0.0703914
-0.0703111
-0.0693032
-0.0682841
-0.0680592
-0.0695225
-0.0686862
-0.0672662
-0.0662891
-0.0646764
-0.0682655
-0.063531
-0.0631681
-0.0640068
-0.0628565
-0.063333
-0.0603131
-0.0643004
-0.0615864
-0.0649911
-0.0637763
-0.0623643
-0.06242
-0.0642697
-0.0624357
-0.0642887
-0.0653562
-0.0633863
-0.0632053
-0.0627207
-0.0630544
-0.0638076
-0.0618745
-0.0645781
-0.0640622
-0.0623267
-0.0655102
-0.0610925
-0.0618003
-0.0615061
-0.0661899
-0.0668215
-0.065666
-0.0655696
-0.0621394
-0.0620563
-0.0608342
-0.0602126
-0.0655433
-0.0663365
-0.0665658
-0.0614101
-0.0628028
-0.0545627
-0.0563037
-0.0577652
-0.0516601
-0.052699
-0.0534522
-0.0496243
-0.0549565
-0.051321
-0.0504687
-0.0469611
-0.0545503
-0.0478705
-0.0522341
-0.0503762
-0.0518587
-0.0489772
-0.0395701
-0.0635228
-0.0625893
-0.0607398
-0.0601746
-0.0597368
-0.0621667
-0.0615182
-0.0586135
-0.0609509
-0.0596889
-0.0650427
-0.0656238
-0.0656747
-0.0656975
-0.0653244
-0.0654352
-0.0637408
-0.0649893
-0.0653302
-0.062066
-0.0592547
-0.0581044
-0.0656461
-0.0578318
-0.0614725
-0.0630625
-0.0644489
-0.064465
-0.0640519
-0.063725
-0.0648241
-0.0650507
-0.0627148
-0.0634848
-0.0651825
-0.065521
-0.0597232
-0.0629808
-0.0623016
-0.0613388
-0.0630314
-0.0619309
-0.0609578
-0.0623238
-0.0607677
-0.0614215
-0.0615451
-0.0622625
-0.0617855
-0.0612348
-0.0617578
-0.0494086
-0.0485949
-0.0499116
-0.0494287
-0.0540225
-0.0548206
-0.0563696
-0.0459743
-0.0478356
-0.0473118
-0.0472527
-0.0459644
-0.0473967
-0.0464607
-0.0518721
-0.0496292
-0.0501382
-0.048789
-0.0488849
-0.049981
-0.0480267
-0.0493509
-0.0519913
-0.0509544
-0.0505716
-0.0478386
-0.0497288
-0.0520134
-0.0511988
-0.0499472
-0.0555301
-0.053509
-0.0523717
-0.0524784
-0.0542004
-0.0576254
-0.056108
-0.0553646
-0.0506779
-0.0504497
-0.0539075
-0.0521294
-0.0521182
-0.053003
-0.053914
-0.0564188
-0.0550385
-0.0557085
-0.0559638
-0.0516668
-0.0532415
-0.0546489
-0.054145
-0.067678
-0.0694577
-0.0686261
-0.068102
-0.0675469
-0.0668964
-0.0657088
-0.0664325
-0.0662969
-0.0656849
-0.0658644
-0.0648482
-0.06535
-0.0648767
-0.0652253
-0.0654654
-0.0666474
-0.0646557
-0.0649435
-0.0641043
-0.065441
-0.0644838
-0.0653365
-0.0639438
-0.0641977
-0.0640814
-0.0644541
-0.0639467
-0.0633707
-0.0647302
-0.062853
-0.062883
-0.0634162
-0.0627383
-0.0648441
-0.0655015
-0.0639181
-0.0634107
-0.0617066
-0.064584
-0.0660209
-0.0658074
-0.0634265
-0.0622556
-0.0664529
-0.0639432
-0.0622767
-0.0613692
-0.0618665
-0.0615936
-0.0616635
-0.0607232
-0.0612338
-0.0608322
-0.06131
-0.0613645
-0.0638082
-0.063297
-0.0645476
-0.0608638
-0.0597795
-0.060367
-0.0609008
-0.0620991
-0.0610432
-0.0593209
-0.0618408
-0.0601137
-0.0615609
-0.0617116
-0.0615776
-0.0613192
-0.0618465
-0.0614663
-0.0620924
-0.0617098
-0.0620587
-0.0616417
-0.0624267
-0.0605243
-0.060922
-0.0605497
-0.0612185
-0.0600409
-0.0618649
-0.0626792
-0.0615419
-0.0620787
-0.0621442
-0.0610256
-0.0597627
-0.0594017
-0.0600993
-0.0598216
-0.0617576
-0.0552879
-0.0586935
-0.0623776
-0.0624275
-0.0628683
-0.0579675
-0.0597321
-0.0589502
-0.0596375
-0.0618949
-0.0622457
-0.062392
-0.0622769
-0.0620813
-0.0628916
-0.0627241
-0.0630738
-0.0632084
-0.0612871
-0.0589909
-0.0616933
-0.0592302
-0.0586851
-0.0591113
-0.0577865
-0.0585435
-0.0580874
-0.059644
-0.0618092
-0.0620234
-0.0617343
-0.0611779
-0.0629816
-0.0635898
-0.0630165
-0.0613218
-0.0582137
-0.0588015
-0.0567033
-0.0583055
-0.058948
-0.0566883
-0.0575563
-0.056697
-0.0573064
-0.0618898
-0.0619868
-0.0629357
-0.0626335
-0.0632602
-0.0634309
-0.0633879
-0.0613841
-0.0617881
-0.0559133
-0.0581162
-0.0622215
-0.0625817
-0.0617535
-0.0620752
-0.0617828
-0.0565898
-0.0581473
-0.0574388
-0.0627102
-0.0623207
-0.0625853
-0.0629149
-0.0629339
-0.0634771
-0.0635362
-0.0631792
-0.0670692
-0.0621801
-0.0622028
-0.0615782
-0.0588459
-0.0573816
-0.0578508
-0.0583155
-0.0583185
-0.0554788
-0.0567969
-0.0568708
-0.0563485
-0.0550575
-0.0562717
-0.0559545
-0.0537299
-0.0570095
-0.0531653
-0.0529588
-0.051145
-0.0545201
-0.0545204
-0.0543863
-0.0534363
-0.0554773
-0.0541522
-0.0548467
-0.0554604
-0.0543937
-0.0558236
-0.0549393
-0.0556008
-0.0554071
-0.0551072
-0.0534487
-0.0572579
-0.0526347
-0.0535872
-0.0523722
-0.0561499
-0.0565424
-0.0576262
-0.0600389
-0.0590468
-0.0582992
-0.0583421
-0.0591867
-0.0580138
-0.0569285
-0.0536813
-0.0515634
-0.0500156
-0.0512192
-0.0496123
-0.0527341
-0.0500478
-0.0483062
-0.052222
-0.0544826
-0.055854
-0.0576209
-0.0562785
-0.057302
-0.054587
-0.0567621
-0.0566474
-0.0544071
-0.0586095
-0.0525223
-0.0543797
-0.0533876
-0.0528801
-0.0664557
-0.0665957
-0.0663802
-0.0670206
-0.0717008
-0.0719469
-0.0718993
-0.0712576
-0.0721238
-0.0708413
-0.0696773
-0.0701585
-0.0729461
-0.0682982
-0.0735337
-0.0727125
-0.0728551
-0.069121
-0.0724591
-0.0720638
-0.0711528
-0.0717194
-0.0716351
-0.0711627
-0.0709689
-0.0695809
-0.0704616
-0.0704929
-0.0707328
-0.0713507
-0.0698921
-0.0701068
-0.0691423
-0.0697971
-0.0703486
-0.0684472
-0.0689656
-0.0647196
-0.0692171
-0.0649675
-0.0653545
-0.0625275
-0.0672161
-0.0667774
-0.0647426
-0.064404
-0.0636106
-0.0647919
-0.0640312
-0.0645185
-0.0631049
-0.0636266
-0.0614315
-0.0622592
-0.060225
-0.0624129
-0.0597654
-0.0563521
-0.0600638
-0.0480489
-0.0569144
-0.0515236
-0.0636302
-0.0627096
-0.0592247
-0.0618343
-0.0631344
-0.0622738
-0.0618636
-0.0641645
-0.0606191
-0.0601159
-0.0643358
-0.0586231
-0.0572462
-0.0613446
-0.0638779
-0.0604208
-0.0622889
-0.0627295
-0.060547
-0.0607462
-0.0602543
-0.0497138
-0.0458135
-0.0482026
-0.0471004
-0.0472693
-0.0449022
-0.0461263
-0.0465597
-0.0439095
-0.0444287
-0.0449073
-0.0429141
-0.0416245
-0.0407188
-0.0453036
-0.0443296
-0.0456504
-0.0467149
-0.0440766
-0.0452048
-0.0561822
-0.0575224
-0.0506363
-0.0499583
-0.0581523
-0.0571458
-0.0600716
-0.0580668
-0.058637
-0.059774
-0.0599095
-0.0596033
-0.0615063
-0.0627749
-0.0621845
-0.063157
-0.0639918
-0.0612488
-0.0611174
-0.0649707
-0.0631799
-0.0647845
-0.0664484
-0.0605377
-0.0676469
-0.0669294
-0.0611277
-0.061922
-0.0631226
-0.0644423
-0.0654874
-0.0621311
-0.0661846
-0.0564383
-0.05711
-0.0552771
-0.05731
-0.0582491
-0.0566274
-0.0583733
-0.0655898
-0.0681804
-0.0686673
-0.0687176
-0.0695627
-0.0692535
-0.069959
-0.0698814
-0.0659046
-0.0654769
-0.064951
-0.0644305
-0.065528
-0.0636017
-0.0641038
-0.0644241
-0.0645171
-0.0650183
-0.0650214
-0.062529
-0.0618786
-0.0609704
-0.0605636
-0.060222
-0.0610078
-0.0602922
-0.0606711
-0.0606794
-0.0609656
-0.0593647
-0.0595737
-0.0562652
-0.0572252
-0.0638116
-0.0635684
-0.0617541
-0.0617134
-0.0617407
-0.0617965
-0.0615523
-0.0618446
-0.0635264
-0.0639052
-0.0568323
-0.0569828
-0.0602392
-0.0590913
-0.0595799
-0.051427
-0.0572951
-0.059835
-0.0581809
-0.0586876
-0.0601973
-0.0619917
-0.0629758
-0.0634166
-0.0549721
-0.0530393
-0.0679558
-0.0704899
-0.0688857
-0.0696132
-0.0690962
-0.0689356
-0.0697044
-0.0706307
-0.069042
-0.0683622
-0.0688756
-0.0671476
-0.0678147
-0.0675335
-0.0700126
-0.0705644
-0.0677286
-0.066261
-0.0682782
-0.0654042
-0.0665965
-0.0672208
-0.06505
-0.0654599
-0.0632314
-0.0673408
-0.0676361
-0.0693501
-0.0686357
-0.0704136
-0.0702668
-0.0663994
-0.0664421
-0.0693377
-0.070325
-0.0674203
-0.0677496
-0.0709094
-0.069555
-0.0679859
-0.067529
-0.0692977
-0.070194
-0.0702221
-0.0673679
-0.06794
-0.066446
-0.0665718
-0.0657601
-0.0658935
-0.0628873
-0.0615781
-0.0622977
-0.0623139
-0.061564
-0.0620021
-0.0620893
-0.0615707
-0.0619441
-0.0604471
-0.0624534
-0.0612517
-0.0609919
-0.0633353
-0.0615076
-0.0628587
-0.0629328
-0.0616434
-0.060998
-0.0620581
-0.0612799
-0.061991
-0.0619231
-0.0624362
-0.0611436
-0.0613218
-0.0615468
-0.0607194
-0.0618036
-0.0609587
-0.0614709
-0.0609952
-0.0613321
-0.0607203
-0.0610108
-0.0607252
-0.0631962
-0.0631612
-0.0624645
-0.0621207
-0.0607516
-0.0608516
-0.0599805
-0.0626217
-0.0616059
-0.0609774
-0.0603673
-0.0636331
-0.0613738
-0.061921
-0.0605939
-0.0632374
-0.0623384
-0.0608119
-0.0579203
-0.0592113
-0.0635031
-0.0623947
-0.0612098
-0.060428
-0.0606388
-0.0607297
-0.0578474
-0.0585964
-0.0612517
-0.0619461
-0.0590362
-0.0595806
-0.0590823
-0.0574128
-0.0595736
-0.0580228
-0.0586192
-0.0579855
-0.0548202
-0.0583399
-0.056503
-0.0586018
-0.0616681
-0.0616678
-0.0594907
-0.0607847
-0.0586235
-0.0577227
-0.0467152
-0.0460313
-0.0432876
-0.0441033
-0.042512
-0.0449951
-0.0467442
-0.0445064
-0.042369
-0.043121
-0.0409658
-0.0466923
-0.0556189
-0.0560175
-0.0573343
-0.056261
-0.056329
-0.0573487
-0.0554718
-0.0531841
-0.0533274
-0.0526413
-0.0537415
-0.0549689
-0.0628033
-0.0602343
-0.0600656
-0.060322
-0.0605002
-0.0603185
-0.0603631
-0.0604566
-0.0602328
-0.0600351
-0.0604345
-0.0603618
-0.060521
-0.0599778
-0.0604618
-0.0598838
-0.0609115
-0.0606977
-0.0606232
-0.0605488
-0.0608809
-0.0605513
-0.0610482
-0.0416689
-0.0584307
-0.0573187
-0.0573334
-0.0614105
-0.0612712
-0.0621487
-0.0599157
-0.0599356
-0.058942
-0.0592179
-0.0579656
-0.0587329
-0.067187
-0.0622749
-0.0607523
-0.0575033
-0.0666985
-0.0678676
-0.0691826
-0.0685325
-0.0685957
-0.0662828
-0.0660801
-0.0662776
-0.0668799
-0.0675108
-0.068117
-0.066807
-0.0653472
-0.0640106
-0.0644239
-0.0609815
-0.0604529
-0.0602496
-0.0627855
-0.0608532
-0.0614932
-0.0615866
-0.0618855
-0.0619338
-0.061831
-0.0617651
-0.0623773
-0.0619976
-0.0617772
-0.0616082
-0.0616985
-0.0617879
-0.0601546
-0.063542
-0.0597264
-0.0601208
-0.0612974
-0.0684029
-0.0714433
-0.071137
-0.0681619
-0.0664625
-0.070293
-0.0706607
-0.0644679
-0.0634431
-0.0691656
-0.0721387
-0.073152
-0.0726756
-0.0712392
-0.0741577
-0.0712124
-0.0722905
-0.0693614
-0.0673925
-0.0651664
-0.0646479
-0.0639719
-0.0658606
-0.0664013
-0.0652646
-0.0654006
-0.0661602
-0.0645929
-0.0649094
-0.0656378
-0.0650702
-0.0617294
-0.060061
-0.0609042
-0.0613567
-0.061141
-0.0604858
-0.0593337
-0.0605989
-0.0598606
-0.0590552
-0.0613012
-0.0602733
-0.0599202
-0.0591348
-0.0590214
-0.0625498
-0.0626307
-0.0636587
-0.0632985
-0.0641438
-0.0639144
-0.0632446
-0.0628843
-0.0607615
-0.0604267
-0.0583217
-0.0604469
-0.0619176
-0.0606302
-0.0612366
-0.0609396
-0.0614436
-0.0604369
-0.0611323
-0.0604363
-0.0603469
-0.0601052
-0.0607706
-0.0592906
-0.060417
-0.0597386
-0.0600271
-0.0601126
-0.0601686
-0.0598775
-0.0593209
-0.0589943
-0.0585663
-0.0601569
-0.0597164
-0.0594111
-0.0594895
-0.059591
-0.060099
-0.0603428
-0.0598081
-0.0599131
-0.0603079
-0.0591423
-0.05951
-0.0591205
-0.0582873
-0.0597319
-0.0597607
-0.0597591
-0.0589036
-0.060456
-0.0596942
-0.0598123
-0.0599777
-0.0618421
-0.0602771
-0.0624167
-0.0629779
-0.063112
-0.0626155
-0.0628233
-0.0632209
-0.063957
-0.0567412
-0.0600385
-0.0634552
-0.0643875
-0.0629623
-0.0569731
-0.0566715
-0.0559014
-0.0545518
-0.0549436
-0.0559815
-0.0526683
-0.0544885
-0.0525664
-0.0556036
-0.0535165
-0.0564544
-0.0571421
-0.0408356
-0.0408391
-0.0423879
-0.0382918
-0.0396801
-0.0394744
-0.0395241
-0.0389468
-0.0410071
-0.035792
-0.0407207
-0.04229
-0.0416367
-0.0372049
-0.036916
-0.0352588
-0.0375496
-0.038507
-0.0380598
-0.0368468
-0.0491693
-0.060539
-0.0604817
-0.0604361
-0.0604743
-0.0605278
-0.0604156
-0.0609608
-0.0611006
-0.0607968
-0.0579264
-0.0592524
-0.0620126
-0.0609133
-0.060423
-0.0673181
-0.0669625
-0.0662907
-0.0667646
-0.0662016
-0.0651054
-0.0661426
-0.0660458
-0.0663845
-0.0670489
-0.0674933
-0.0669609
-0.066837
-0.0657395
-0.0655495
-0.0653674
-0.0637843
-0.0646836
-0.0655915
-0.0651563
-0.0644491
-0.0650817
-0.0655189
-0.061179
-0.0613304
-0.0618385
-0.0615081
-0.0615833
-0.0617221
-0.0625746
-0.0620932
-0.0629618
-0.061984
-0.0613278
-0.0610508
-0.0617666
-0.0615572
-0.0615138
-0.0612229
-0.0619345
-0.0620699
-0.061778
-0.0622543
-0.0621456
-0.0624144
-0.0620749
-0.0616279
-0.0616255
-0.0612497
-0.0613685
-0.0617279
-0.061564
-0.0622794
-0.0618566
-0.062639
-0.0619919
-0.0621592
-0.0628158
-0.062599
-0.0625334
-0.0629524
-0.060855
-0.0619766
-0.0610177
-0.0621981
-0.0610249
-0.0630019
-0.0628775
-0.0618537
-0.0623454
-0.0590281
-0.0598979
-0.0613244
-0.0610231
-0.0608157
-0.0618267
-0.0607317
-0.0632724
-0.0629721
-0.0670167
-0.0714868
-0.070305
-0.0641224
-0.0667759
-0.0609856
-0.0606362
-0.0599057
-0.0604566
-0.0600155
-0.0583441
-0.058327
-0.0587253
-0.058394
-0.0593486
-0.0590227
-0.0584226
-0.0574283
-0.057608
-0.0578648
-0.0645625
-0.0652005
-0.0639674
-0.0650423
-0.0658981
-0.0645387
-0.0647208
-0.0640322
-0.0635179
-0.0645096
-0.0641578
-0.0637289
-0.0607081
-0.0605245
-0.060254
-0.060279
-0.0606296
-0.0607866
-0.0614906
-0.0607136
-0.0612745
-0.0622898
-0.0609998
-0.0619577
-0.0602975
-0.0590474
-0.0585041
-0.0582427
-0.0579242
-0.059795
-0.0592942
-0.0602718
-0.0587752
-0.0591564
-0.0587757
-0.0586457
-0.0593302
-0.0593455
-0.0603006
-0.0600425
-0.0585724
-0.0589231
-0.0579475
-0.056114
-0.037952
-0.0375987
-0.0437111
-0.0360632
-0.0341678
-0.0360125
-0.037133
-0.0349754
-0.0361623
-0.0341432
-0.0476056
-0.0486317
-0.0497782
-0.0512492
-0.0518572
-0.0502448
-0.0509911
-0.0606736
-0.0605959
-0.0606394
-0.0615086
-0.0590498
-0.0676066
-0.0669222
-0.0676345
-0.0663492
-0.0656561
-0.0662334
-0.0673727
-0.0674435
-0.0652327
-0.0657167
-0.0661325
-0.0659594
-0.0655586
-0.065598
-0.0657188
-0.0664837
-0.0670315
-0.0660782
-0.0669219
-0.064572
-0.0643415
-0.0648286
-0.0645398
-0.0632774
-0.063956
-0.0638696
-0.0636438
-0.0628668
-0.0635504
-0.0627382
-0.0621375
-0.0619992
-0.0641845
-0.063441
-0.0629669
-0.062826
-0.0622839
-0.0635764
-0.0630921
-0.0626235
-0.0609049
-0.0623046
-0.0610869
-0.0608722
-0.0608222
-0.0614211
-0.0609252
-0.063082
-0.0646667
-0.0643314
-0.0642877
-0.0590691
-0.0617804
-0.0624597
-0.0616624
-0.0669438
-0.0667018
-0.0600837
-0.0596923
-0.0593331
-0.0588896
-0.0587662
-0.0581112
-0.0571106
-0.0577222
-0.0576183
-0.0607037
-0.0607018
-0.0620716
-0.0613671
-0.062007
-0.0613544
-0.034954
-0.0339357
-0.0332644
-0.0643901
-0.067642
-0.0683865
-0.0682522
-0.0680747
-0.0650864
-0.0650432
-0.064434
-0.0625071
-0.0630636
-0.0619673
-0.0608165
-0.0613324
-0.0637671
-0.064267
-0.0641165
-0.0635281
-0.0636455
-0.0632752
-0.0633063
-0.0628686
-0.0625878
-0.0607855
-0.0622323
-0.0632915
-0.0628607
-0.0348167
-0.0333629
-0.0651089
-0.0646374
-0.0648521
-0.0646949
-0.063837
-0.0641511
-0.0638173
-0.0639514
-0.0634101
-0.0625419
-0.0631734
-0.0675336
-0.0625295
-0.0623231
-0.0625704
-0.0622419
-0.0622686
-0.0619436
-0.0608043
-0.0601534
-0.0613614
-0.0606888
-0.0613579
-0.0621819
-0.0601945
-0.0653726
-0.0646714
-0.0642115
-0.0641171
-0.0635602
-0.0616064
-0.0616119
-0.0625249
-0.0656469
-0.0638706
-0.0664669
-0.06246
-0.0655988
-0.0633636
-0.0617799
-0.061576
-0.0627754
-0.0633433
-0.0385813
-0.0371035
-0.0652197
-0.0644361
-0.0321682
-0.0325248
-0.0404031
-0.0872681
-0.0764517
-0.071258
-0.071678
-0.0673338
-0.0662952
-0.0750812
-0.0703522
-0.0657566
-0.0643705
-0.0672931
-0.066686
-0.0599749
-0.0659456
-0.0739229
-0.0497977
-0.0504578
-0.0498302
-0.0633189
-0.0627082
-0.0647332
-0.0650707
-0.0645969
-0.0614986
-0.0575368
-0.0580591
-0.0534694
-0.0539481
-0.0593947
-0.0596574
-0.066411
-0.0669002
-0.0662876
-0.0666392
-0.0660232
-0.0658132
-0.0663558
-0.065011
-0.0670644
-0.0675344
-0.0665198
-0.0656634
-0.064527
-0.0652105
-0.0668665
-0.0482631
