0.687577 0.387416
0.676901 0.25613
0.665197 0.177619
0.654094 0.118037
0.646847 0.0650413
0.64644 0.014642
0.650196 -0.033987
0.651424 -0.0850646
0.652102 -0.1447
0.659642 -0.215887
0.683005 -0.296645
0.742056 -0.348633
0.820856 -0.350153
0.893835 -0.328334
0.95584 -0.295102
1.00661 -0.254917
1.04588 -0.209187
1.07307 -0.159652
1.08929 -0.109357
1.09909 -0.0611169
1.10617 -0.0141787
1.10675 0.0335354
1.09726 0.0808553
1.07996 0.126964
1.05891 0.175283
1.03142 0.228014
0.991081 0.280742
0.935228 0.32697
0.864771 0.361434
0.781975 0.38143
