38
0.606 0 1.5708
0.606 0.115 1.5708
0.606 0.23 1.5708
0.606 0.345 1.5708
0.606 0.46 1.5708
0.606 0.575 1.5708
0.606 0.69 1.5708
0.62944 0.74556 0.785398
0.695 0.764 0
0.79 0.764 0
0.885 0.764 0
0.98 0.764 0
1.04214 0.73482 -0.698132
1.11875 0.67054 -0.698132
1.154 0.575 -1.5708
1.154 0.46 -1.5708
1.154 0.345 -1.5708
1.154 0.23 -1.5708
1.154 0.115 -1.5708
1.154 0 -1.5708
1.154 -0.115 -1.5708
1.154 -0.23 -1.5708
1.154 -0.345 -1.5708
1.154 -0.46 -1.5708
1.154 -0.575 -1.5708
1.11875 -0.67054 -2.44346
1.04214 -0.73482 -2.44346
0.98 -0.764 -3.14159
0.885 -0.764 -3.14159
0.79 -0.764 -3.14159
0.695 -0.764 -3.14159
0.62944 -0.74556 2.35619
0.606 -0.69 1.5708
0.606 -0.575 1.5708
0.606 -0.46 1.5708
0.606 -0.345 1.5708
0.606 -0.23 1.5708
0.606 -0.115 1.5708
