38
0.431757  1.2e-3 1.0e-2
0.436503  1.2e-3 1.0e-2
0.421643  1.2e-3 1.0e-2
0.39464   1.2e-3 1.0e-2
0.354583  1.2e-3 1.0e-2
0.362377  1.2e-3 1.0e-2
0.4002    1.2e-3 1.0e-2
0.422202  1.2e-3 1.0e-2
0.434108  1.2e-3 1.0e-2
0.458748  1.2e-3 1.0e-2
0.479648  1.2e-3 1.0e-2
0.497112  1.2e-3 1.0e-2
0.516897  1.2e-3 1.0e-2
0.546898  1.2e-3 1.0e-2
0.570314  1.2e-3 1.0e-2 
0.555245  1.2e-3 1.0e-2
0.546608  1.2e-3 1.0e-2
0.514884  1.2e-3 1.0e-2
0.472569  1.2e-3 1.0e-2
0.455999  1.2e-3 1.0e-2
0.475764  1.2e-3 1.0e-2
0.510005  1.2e-3 1.0e-2
0.53784   1.2e-3 1.0e-2
0.553506  1.2e-3 1.0e-2
0.569987  1.2e-3 1.0e-2
0.55256   1.2e-3 1.0e-2
0.521563  1.2e-3 1.0e-2
0.517198  1.2e-3 1.0e-2
0.474595  1.2e-3 1.0e-2
0.449025  1.2e-3 1.0e-2
0.436561  1.2e-3 1.0e-2
0.421707  1.2e-3 1.0e-2
0.402852  1.2e-3 1.0e-2
0.381501  1.2e-3 1.0e-2
0.377662  1.2e-3 1.0e-2
0.397113  1.2e-3 1.0e-2
0.415319  1.2e-3 1.0e-2
0.431358  1.2e-3 1.0e-2
