38
1 0.584 0 0
1 0.584 0.115 0
1 0.584 0.23 0
1 0.584 0.345 0
1 0.584 0.46 0
1 0.584 0.575 0
1 0.584 0.69 0
1 0.6 0.772 0
1 0.695 0.791 0 
1 0.79 0.791 0
1 0.885 0.791 0
1 0.98 0.791 0
1 1.0595 0.7555 0
1 1.1361 0.6912 0
1 1.176 0.575 0
1 1.176 0.46 0
1 1.176 0.345 0
1 1.176 0.23 0
1 1.176 0.115 0
1 1.176 0 0
1 1.176 -0.115 0
1 1.176 -0.23 0
1 1.176 -0.345 0
1 1.176 -0.46 0
1 1.176 -0.575 0
1 1.1361 -0.6912 0
1 1.0595 -0.7555 0
1 0.98 -0.791 0
1 0.885 -0.791 0
1 0.79 -0.791 0
1 0.695 -0.791 0
1 0.6 -0.772 0
1 0.584 -0.69 0
1 0.584 -0.575 0
1 0.584 -0.46 0
1 0.584 -0.345 0
1 0.584 -0.23 0
1 0.584 -0.115 0
