38
-0.219982  10.0e-3  1.0e-2
-0.20386   10.0e-3  1.0e-2
-0.127695  10.0e-3  1.0e-2
-0.0418843 10.0e-3  1.0e-2
0.0812333  10.0e-3  1.0e-2
0.0928256  10.0e-3  1.0e-2
0.0323872  10.0e-3  1.0e-2
-0.0209982 10.0e-3  1.0e-2
-0.0390455 10.0e-3  1.0e-2
-0.0268888 10.0e-3  1.0e-2
-0.0129502 10.0e-3  1.0e-2
-0.010738  10.0e-3  1.0e-2
-0.0390946 10.0e-3  1.0e-2
-0.0551372 10.0e-3  1.0e-2
-0.0880794 10.0e-3  1.0e-2
-0.0912516 10.0e-3  1.0e-2
-0.121825  10.0e-3  1.0e-2
-0.137777  10.0e-3  1.0e-2
-0.142164   10.0e-3  1.0e-2
-0.149125   10.0e-3  1.0e-2
-0.14625    10.0e-3  1.0e-2
-0.131966   10.0e-3  1.0e-2
-0.106971   10.0e-3  1.0e-2
-0.0778105  10.0e-3  1.0e-2
-0.0757443  10.0e-3  1.0e-2
-0.0451983  10.0e-3  1.0e-2
-0.0398402  10.0e-3  1.0e-2
-0.00587956 10.0e-3  1.0e-2
-0.0163014  10.0e-3  1.0e-2
-0.0212069  10.0e-3  1.0e-2
-0.0343817  10.0e-3  1.0e-2
-0.00899654 10.0e-3  1.0e-2
0.0421572   10.0e-3  1.0e-2
0.0547456   10.0e-3  1.0e-2
0.0483758   10.0e-3  1.0e-2
-0.0361643  10.0e-3  1.0e-2
-0.116026  10.0e-3  1.0e-2
-0.193973  10.0e-3  1.0e-2
