32
0.4225 0 0.063 1.584 143
0.4457 -0.936 0.1095 0.188 29
0.4457 0.936 0.1095 0.188 29
0.6215 -1.11 0.066 0.12 12
0.6215 1.11 0.066 0.12 12
1.1765 -1.17 0.066 0.09 8
1.1765 1.17 0.066 0.09 8
0.505 -0.7 0.051 0.18 34
0.505 -0.5 0.051 0.18 34
0.505 -0.3 0.051 0.18 34
0.505 -0.1 0.051 0.18 34
0.505 0.1 0.051 0.18 34
0.505 0.3 0.051 0.18 34
0.505 0.5 0.051 0.18 34
0.505 0.7 0.051 0.18 34
1.3095 -0.77 0.1197 0.0748 36
1.3095 -0.61 0.1197 0.0748 36
1.3095 -0.31 0.1197 0.0748 36
1.3095 -0.15 0.1197 0.0748 36
1.3095 0.15 0.1197 0.0748 36
1.3095 0.31 0.1197 0.0748 36
1.3095 0.61 0.1197 0.0748 36
1.3095 0.77 0.1197 0.0748 36
1.09857 -0.651385 0.00886227 0.00886227 1
1.114 -0.633 0.00886227 0.00886227 1
1.12943 -0.614615 0.00886227 0.00886227 1
1.12943 0.614615 0.00886227 0.00886227 1
1.114 0.633 0.00886227 0.00886227 1
1.09857 0.651385 0.00886227 0.00886227 1
1.554 -0.78 0.03 0.15 0.382353
1.717 -0.78 0.03 0.15 0.617647
1.754 -0.78 0.03 0.15 1
